p cnf 64 212 
-1 -3 0 
-2 -6 0 
-9 -15 0 
-10 -14 0 
-11 -12 0 
-18 -21 0 
-25 -28 0 
-27 -30 0 
-34 -39 0 
-35 -37 0 
-41 -43 0 
-49 -51 0 
-49 -53 0 
-50 -55 0 
-51 -53 0 
-57 -63 0 
-9 -41 0 
-25 -57 0 
-2 -10 0 
-2 -26 0 
-10 -26 0 
-3 -59 0 
-11 -35 0 
-4 -12 0 
-4 -28 0 
-12 -28 0 
-21 -37 0 
-6 -14 0 
-38 -62 0 
-15 -31 0 
5 0 
7 0 
8 0 
13 0 
16 0 
17 0 
19 0 
20 0 
22 0 
23 0 
24 0 
29 0 
32 0 
33 0 
36 0 
40 0 
42 0 
44 0 
45 0 
46 0 
47 0 
48 0 
52 0 
54 0 
56 0 
58 0 
60 0 
61 0 
64 0 
1 9 0 
1 2 0 
2 1 0 
2 10 0 
2 3 0 
3 2 0 
3 11 0 
3 4 0 
4 3 0 
4 12 0 
4 5 0 
6 5 0 
6 14 0 
6 7 0 
9 1 0 
9 17 0 
9 10 0 
10 2 0 
10 9 0 
10 18 0 
10 11 0 
11 3 0 
11 10 0 
11 19 0 
11 12 0 
12 4 0 
12 11 0 
12 20 0 
12 13 0 
14 6 0 
14 13 0 
14 22 0 
14 15 0 
15 7 0 
15 14 0 
15 23 0 
15 16 0 
18 10 0 
18 17 0 
18 26 0 
18 19 0 
21 13 0 
21 20 0 
21 29 0 
21 22 0 
25 17 0 
25 33 0 
25 26 0 
26 18 0 
26 25 0 
26 34 0 
26 27 0 
27 19 0 
27 26 0 
27 35 0 
27 28 0 
28 20 0 
28 27 0 
28 36 0 
28 29 0 
30 22 0 
30 29 0 
30 38 0 
30 31 0 
31 23 0 
31 30 0 
31 39 0 
31 32 0 
34 26 0 
34 33 0 
34 42 0 
34 35 0 
35 27 0 
35 34 0 
35 43 0 
35 36 0 
37 29 0 
37 36 0 
37 45 0 
37 38 0 
38 30 0 
38 37 0 
38 46 0 
38 39 0 
39 31 0 
39 38 0 
39 47 0 
39 40 0 
41 33 0 
41 49 0 
41 42 0 
43 35 0 
43 42 0 
43 51 0 
43 44 0 
49 41 0 
49 57 0 
49 50 0 
50 42 0 
50 49 0 
50 58 0 
50 51 0 
51 43 0 
51 50 0 
51 59 0 
51 52 0 
53 45 0 
53 52 0 
53 61 0 
53 54 0 
55 47 0 
55 54 0 
55 63 0 
55 56 0 
57 49 0 
57 58 0 
59 51 0 
59 58 0 
59 60 0 
62 54 0 
62 61 0 
62 63 0 
63 55 0 
63 62 0 
63 64 0 
1 10 3 0
2 9 0
2 11 4 0
2 11 18 25 0
2 11 18 27 34 41 0
2 11 18 27 34 43 50 57 0
2 11 18 27 34 43 50 59 0
4 11 18 9 0
4 11 18 25 0
4 11 18 27 34 41 0
4 11 18 27 34 43 50 57 0
4 11 18 27 34 43 50 59 0
9 18 25 0
9 18 27 34 41 0
9 18 27 34 43 50 57 0
9 18 27 34 43 50 59 0
25 34 41 0
25 34 43 50 57 0
25 34 43 50 59 0
41 50 57 0
41 50 59 0
57 50 59 0
18 25 34 27 0
18 27 34 25 0
21 28 37 30 0
21 30 37 28 0
34 41 50 43 0
34 43 50 41 0
