p cnf 819 5910
171 172 173 174 175 176 177 178 179 0
181 182 183 184 185 186 187 188 189 0
281 282 283 284 285 286 287 288 289 0
291 292 293 294 295 296 297 298 299 0
311 312 313 314 315 316 317 318 319 0
321 322 323 324 325 326 327 328 329 0
411 412 413 414 415 416 417 418 419 0
421 422 423 424 425 426 427 428 429 0
441 442 443 444 445 446 447 448 449 0
451 452 453 454 455 456 457 458 459 0
711 712 713 714 715 716 717 718 719 0
721 722 723 724 725 726 727 728 729 0
41 42 43 44 45 46 47 48 49 0
131 132 133 134 135 136 137 138 139 0
671 672 673 674 675 676 677 678 679 0
761 762 763 764 765 766 767 768 769 0
601 602 603 604 605 606 607 608 609 0
691 692 693 694 695 696 697 698 699 0
251 252 253 254 255 256 257 258 259 0
341 342 343 344 345 346 347 348 349 0
521 522 523 524 525 526 527 528 529 0
611 612 613 614 615 616 617 618 619 0
711 712 713 714 715 716 717 718 719 0
801 802 803 804 805 806 807 808 809 0
91 92 93 94 95 96 97 98 99 0
181 182 183 184 185 186 187 188 189 0
171 172 173 174 175 176 177 178 179 0
-171 -172 0
-171 -173 0
-171 -174 0
-171 -175 0
-171 -176 0
-171 -177 0
-171 -178 0
-171 -179 0
-172 -173 0
-172 -174 0
-172 -175 0
-172 -176 0
-172 -177 0
-172 -178 0
-172 -179 0
-173 -174 0
-173 -175 0
-173 -176 0
-173 -177 0
-173 -178 0
-173 -179 0
-174 -175 0
-174 -176 0
-174 -177 0
-174 -178 0
-174 -179 0
-175 -176 0
-175 -177 0
-175 -178 0
-175 -179 0
-176 -177 0
-176 -178 0
-176 -179 0
-177 -178 0
-177 -179 0
-178 -179 0
181 182 183 184 185 186 187 188 189 0
-181 -182 0
-181 -183 0
-181 -184 0
-181 -185 0
-181 -186 0
-181 -187 0
-181 -188 0
-181 -189 0
-182 -183 0
-182 -184 0
-182 -185 0
-182 -186 0
-182 -187 0
-182 -188 0
-182 -189 0
-183 -184 0
-183 -185 0
-183 -186 0
-183 -187 0
-183 -188 0
-183 -189 0
-184 -185 0
-184 -186 0
-184 -187 0
-184 -188 0
-184 -189 0
-185 -186 0
-185 -187 0
-185 -188 0
-185 -189 0
-186 -187 0
-186 -188 0
-186 -189 0
-187 -188 0
-187 -189 0
-188 -189 0
281 282 283 284 285 286 287 288 289 0
-281 -282 0
-281 -283 0
-281 -284 0
-281 -285 0
-281 -286 0
-281 -287 0
-281 -288 0
-281 -289 0
-282 -283 0
-282 -284 0
-282 -285 0
-282 -286 0
-282 -287 0
-282 -288 0
-282 -289 0
-283 -284 0
-283 -285 0
-283 -286 0
-283 -287 0
-283 -288 0
-283 -289 0
-284 -285 0
-284 -286 0
-284 -287 0
-284 -288 0
-284 -289 0
-285 -286 0
-285 -287 0
-285 -288 0
-285 -289 0
-286 -287 0
-286 -288 0
-286 -289 0
-287 -288 0
-287 -289 0
-288 -289 0
291 292 293 294 295 296 297 298 299 0
-291 -292 0
-291 -293 0
-291 -294 0
-291 -295 0
-291 -296 0
-291 -297 0
-291 -298 0
-291 -299 0
-292 -293 0
-292 -294 0
-292 -295 0
-292 -296 0
-292 -297 0
-292 -298 0
-292 -299 0
-293 -294 0
-293 -295 0
-293 -296 0
-293 -297 0
-293 -298 0
-293 -299 0
-294 -295 0
-294 -296 0
-294 -297 0
-294 -298 0
-294 -299 0
-295 -296 0
-295 -297 0
-295 -298 0
-295 -299 0
-296 -297 0
-296 -298 0
-296 -299 0
-297 -298 0
-297 -299 0
-298 -299 0
311 312 313 314 315 316 317 318 319 0
-311 -312 0
-311 -313 0
-311 -314 0
-311 -315 0
-311 -316 0
-311 -317 0
-311 -318 0
-311 -319 0
-312 -313 0
-312 -314 0
-312 -315 0
-312 -316 0
-312 -317 0
-312 -318 0
-312 -319 0
-313 -314 0
-313 -315 0
-313 -316 0
-313 -317 0
-313 -318 0
-313 -319 0
-314 -315 0
-314 -316 0
-314 -317 0
-314 -318 0
-314 -319 0
-315 -316 0
-315 -317 0
-315 -318 0
-315 -319 0
-316 -317 0
-316 -318 0
-316 -319 0
-317 -318 0
-317 -319 0
-318 -319 0
321 322 323 324 325 326 327 328 329 0
-321 -322 0
-321 -323 0
-321 -324 0
-321 -325 0
-321 -326 0
-321 -327 0
-321 -328 0
-321 -329 0
-322 -323 0
-322 -324 0
-322 -325 0
-322 -326 0
-322 -327 0
-322 -328 0
-322 -329 0
-323 -324 0
-323 -325 0
-323 -326 0
-323 -327 0
-323 -328 0
-323 -329 0
-324 -325 0
-324 -326 0
-324 -327 0
-324 -328 0
-324 -329 0
-325 -326 0
-325 -327 0
-325 -328 0
-325 -329 0
-326 -327 0
-326 -328 0
-326 -329 0
-327 -328 0
-327 -329 0
-328 -329 0
411 412 413 414 415 416 417 418 419 0
-411 -412 0
-411 -413 0
-411 -414 0
-411 -415 0
-411 -416 0
-411 -417 0
-411 -418 0
-411 -419 0
-412 -413 0
-412 -414 0
-412 -415 0
-412 -416 0
-412 -417 0
-412 -418 0
-412 -419 0
-413 -414 0
-413 -415 0
-413 -416 0
-413 -417 0
-413 -418 0
-413 -419 0
-414 -415 0
-414 -416 0
-414 -417 0
-414 -418 0
-414 -419 0
-415 -416 0
-415 -417 0
-415 -418 0
-415 -419 0
-416 -417 0
-416 -418 0
-416 -419 0
-417 -418 0
-417 -419 0
-418 -419 0
421 422 423 424 425 426 427 428 429 0
-421 -422 0
-421 -423 0
-421 -424 0
-421 -425 0
-421 -426 0
-421 -427 0
-421 -428 0
-421 -429 0
-422 -423 0
-422 -424 0
-422 -425 0
-422 -426 0
-422 -427 0
-422 -428 0
-422 -429 0
-423 -424 0
-423 -425 0
-423 -426 0
-423 -427 0
-423 -428 0
-423 -429 0
-424 -425 0
-424 -426 0
-424 -427 0
-424 -428 0
-424 -429 0
-425 -426 0
-425 -427 0
-425 -428 0
-425 -429 0
-426 -427 0
-426 -428 0
-426 -429 0
-427 -428 0
-427 -429 0
-428 -429 0
441 442 443 444 445 446 447 448 449 0
-441 -442 0
-441 -443 0
-441 -444 0
-441 -445 0
-441 -446 0
-441 -447 0
-441 -448 0
-441 -449 0
-442 -443 0
-442 -444 0
-442 -445 0
-442 -446 0
-442 -447 0
-442 -448 0
-442 -449 0
-443 -444 0
-443 -445 0
-443 -446 0
-443 -447 0
-443 -448 0
-443 -449 0
-444 -445 0
-444 -446 0
-444 -447 0
-444 -448 0
-444 -449 0
-445 -446 0
-445 -447 0
-445 -448 0
-445 -449 0
-446 -447 0
-446 -448 0
-446 -449 0
-447 -448 0
-447 -449 0
-448 -449 0
451 452 453 454 455 456 457 458 459 0
-451 -452 0
-451 -453 0
-451 -454 0
-451 -455 0
-451 -456 0
-451 -457 0
-451 -458 0
-451 -459 0
-452 -453 0
-452 -454 0
-452 -455 0
-452 -456 0
-452 -457 0
-452 -458 0
-452 -459 0
-453 -454 0
-453 -455 0
-453 -456 0
-453 -457 0
-453 -458 0
-453 -459 0
-454 -455 0
-454 -456 0
-454 -457 0
-454 -458 0
-454 -459 0
-455 -456 0
-455 -457 0
-455 -458 0
-455 -459 0
-456 -457 0
-456 -458 0
-456 -459 0
-457 -458 0
-457 -459 0
-458 -459 0
711 712 713 714 715 716 717 718 719 0
-711 -712 0
-711 -713 0
-711 -714 0
-711 -715 0
-711 -716 0
-711 -717 0
-711 -718 0
-711 -719 0
-712 -713 0
-712 -714 0
-712 -715 0
-712 -716 0
-712 -717 0
-712 -718 0
-712 -719 0
-713 -714 0
-713 -715 0
-713 -716 0
-713 -717 0
-713 -718 0
-713 -719 0
-714 -715 0
-714 -716 0
-714 -717 0
-714 -718 0
-714 -719 0
-715 -716 0
-715 -717 0
-715 -718 0
-715 -719 0
-716 -717 0
-716 -718 0
-716 -719 0
-717 -718 0
-717 -719 0
-718 -719 0
721 722 723 724 725 726 727 728 729 0
-721 -722 0
-721 -723 0
-721 -724 0
-721 -725 0
-721 -726 0
-721 -727 0
-721 -728 0
-721 -729 0
-722 -723 0
-722 -724 0
-722 -725 0
-722 -726 0
-722 -727 0
-722 -728 0
-722 -729 0
-723 -724 0
-723 -725 0
-723 -726 0
-723 -727 0
-723 -728 0
-723 -729 0
-724 -725 0
-724 -726 0
-724 -727 0
-724 -728 0
-724 -729 0
-725 -726 0
-725 -727 0
-725 -728 0
-725 -729 0
-726 -727 0
-726 -728 0
-726 -729 0
-727 -728 0
-727 -729 0
-728 -729 0
41 42 43 44 45 46 47 48 49 0
-41 -42 0
-41 -43 0
-41 -44 0
-41 -45 0
-41 -46 0
-41 -47 0
-41 -48 0
-41 -49 0
-42 -43 0
-42 -44 0
-42 -45 0
-42 -46 0
-42 -47 0
-42 -48 0
-42 -49 0
-43 -44 0
-43 -45 0
-43 -46 0
-43 -47 0
-43 -48 0
-43 -49 0
-44 -45 0
-44 -46 0
-44 -47 0
-44 -48 0
-44 -49 0
-45 -46 0
-45 -47 0
-45 -48 0
-45 -49 0
-46 -47 0
-46 -48 0
-46 -49 0
-47 -48 0
-47 -49 0
-48 -49 0
131 132 133 134 135 136 137 138 139 0
-131 -132 0
-131 -133 0
-131 -134 0
-131 -135 0
-131 -136 0
-131 -137 0
-131 -138 0
-131 -139 0
-132 -133 0
-132 -134 0
-132 -135 0
-132 -136 0
-132 -137 0
-132 -138 0
-132 -139 0
-133 -134 0
-133 -135 0
-133 -136 0
-133 -137 0
-133 -138 0
-133 -139 0
-134 -135 0
-134 -136 0
-134 -137 0
-134 -138 0
-134 -139 0
-135 -136 0
-135 -137 0
-135 -138 0
-135 -139 0
-136 -137 0
-136 -138 0
-136 -139 0
-137 -138 0
-137 -139 0
-138 -139 0
671 672 673 674 675 676 677 678 679 0
-671 -672 0
-671 -673 0
-671 -674 0
-671 -675 0
-671 -676 0
-671 -677 0
-671 -678 0
-671 -679 0
-672 -673 0
-672 -674 0
-672 -675 0
-672 -676 0
-672 -677 0
-672 -678 0
-672 -679 0
-673 -674 0
-673 -675 0
-673 -676 0
-673 -677 0
-673 -678 0
-673 -679 0
-674 -675 0
-674 -676 0
-674 -677 0
-674 -678 0
-674 -679 0
-675 -676 0
-675 -677 0
-675 -678 0
-675 -679 0
-676 -677 0
-676 -678 0
-676 -679 0
-677 -678 0
-677 -679 0
-678 -679 0
761 762 763 764 765 766 767 768 769 0
-761 -762 0
-761 -763 0
-761 -764 0
-761 -765 0
-761 -766 0
-761 -767 0
-761 -768 0
-761 -769 0
-762 -763 0
-762 -764 0
-762 -765 0
-762 -766 0
-762 -767 0
-762 -768 0
-762 -769 0
-763 -764 0
-763 -765 0
-763 -766 0
-763 -767 0
-763 -768 0
-763 -769 0
-764 -765 0
-764 -766 0
-764 -767 0
-764 -768 0
-764 -769 0
-765 -766 0
-765 -767 0
-765 -768 0
-765 -769 0
-766 -767 0
-766 -768 0
-766 -769 0
-767 -768 0
-767 -769 0
-768 -769 0
601 602 603 604 605 606 607 608 609 0
-601 -602 0
-601 -603 0
-601 -604 0
-601 -605 0
-601 -606 0
-601 -607 0
-601 -608 0
-601 -609 0
-602 -603 0
-602 -604 0
-602 -605 0
-602 -606 0
-602 -607 0
-602 -608 0
-602 -609 0
-603 -604 0
-603 -605 0
-603 -606 0
-603 -607 0
-603 -608 0
-603 -609 0
-604 -605 0
-604 -606 0
-604 -607 0
-604 -608 0
-604 -609 0
-605 -606 0
-605 -607 0
-605 -608 0
-605 -609 0
-606 -607 0
-606 -608 0
-606 -609 0
-607 -608 0
-607 -609 0
-608 -609 0
691 692 693 694 695 696 697 698 699 0
-691 -692 0
-691 -693 0
-691 -694 0
-691 -695 0
-691 -696 0
-691 -697 0
-691 -698 0
-691 -699 0
-692 -693 0
-692 -694 0
-692 -695 0
-692 -696 0
-692 -697 0
-692 -698 0
-692 -699 0
-693 -694 0
-693 -695 0
-693 -696 0
-693 -697 0
-693 -698 0
-693 -699 0
-694 -695 0
-694 -696 0
-694 -697 0
-694 -698 0
-694 -699 0
-695 -696 0
-695 -697 0
-695 -698 0
-695 -699 0
-696 -697 0
-696 -698 0
-696 -699 0
-697 -698 0
-697 -699 0
-698 -699 0
251 252 253 254 255 256 257 258 259 0
-251 -252 0
-251 -253 0
-251 -254 0
-251 -255 0
-251 -256 0
-251 -257 0
-251 -258 0
-251 -259 0
-252 -253 0
-252 -254 0
-252 -255 0
-252 -256 0
-252 -257 0
-252 -258 0
-252 -259 0
-253 -254 0
-253 -255 0
-253 -256 0
-253 -257 0
-253 -258 0
-253 -259 0
-254 -255 0
-254 -256 0
-254 -257 0
-254 -258 0
-254 -259 0
-255 -256 0
-255 -257 0
-255 -258 0
-255 -259 0
-256 -257 0
-256 -258 0
-256 -259 0
-257 -258 0
-257 -259 0
-258 -259 0
341 342 343 344 345 346 347 348 349 0
-341 -342 0
-341 -343 0
-341 -344 0
-341 -345 0
-341 -346 0
-341 -347 0
-341 -348 0
-341 -349 0
-342 -343 0
-342 -344 0
-342 -345 0
-342 -346 0
-342 -347 0
-342 -348 0
-342 -349 0
-343 -344 0
-343 -345 0
-343 -346 0
-343 -347 0
-343 -348 0
-343 -349 0
-344 -345 0
-344 -346 0
-344 -347 0
-344 -348 0
-344 -349 0
-345 -346 0
-345 -347 0
-345 -348 0
-345 -349 0
-346 -347 0
-346 -348 0
-346 -349 0
-347 -348 0
-347 -349 0
-348 -349 0
521 522 523 524 525 526 527 528 529 0
-521 -522 0
-521 -523 0
-521 -524 0
-521 -525 0
-521 -526 0
-521 -527 0
-521 -528 0
-521 -529 0
-522 -523 0
-522 -524 0
-522 -525 0
-522 -526 0
-522 -527 0
-522 -528 0
-522 -529 0
-523 -524 0
-523 -525 0
-523 -526 0
-523 -527 0
-523 -528 0
-523 -529 0
-524 -525 0
-524 -526 0
-524 -527 0
-524 -528 0
-524 -529 0
-525 -526 0
-525 -527 0
-525 -528 0
-525 -529 0
-526 -527 0
-526 -528 0
-526 -529 0
-527 -528 0
-527 -529 0
-528 -529 0
611 612 613 614 615 616 617 618 619 0
-611 -612 0
-611 -613 0
-611 -614 0
-611 -615 0
-611 -616 0
-611 -617 0
-611 -618 0
-611 -619 0
-612 -613 0
-612 -614 0
-612 -615 0
-612 -616 0
-612 -617 0
-612 -618 0
-612 -619 0
-613 -614 0
-613 -615 0
-613 -616 0
-613 -617 0
-613 -618 0
-613 -619 0
-614 -615 0
-614 -616 0
-614 -617 0
-614 -618 0
-614 -619 0
-615 -616 0
-615 -617 0
-615 -618 0
-615 -619 0
-616 -617 0
-616 -618 0
-616 -619 0
-617 -618 0
-617 -619 0
-618 -619 0
711 712 713 714 715 716 717 718 719 0
-711 -712 0
-711 -713 0
-711 -714 0
-711 -715 0
-711 -716 0
-711 -717 0
-711 -718 0
-711 -719 0
-712 -713 0
-712 -714 0
-712 -715 0
-712 -716 0
-712 -717 0
-712 -718 0
-712 -719 0
-713 -714 0
-713 -715 0
-713 -716 0
-713 -717 0
-713 -718 0
-713 -719 0
-714 -715 0
-714 -716 0
-714 -717 0
-714 -718 0
-714 -719 0
-715 -716 0
-715 -717 0
-715 -718 0
-715 -719 0
-716 -717 0
-716 -718 0
-716 -719 0
-717 -718 0
-717 -719 0
-718 -719 0
801 802 803 804 805 806 807 808 809 0
-801 -802 0
-801 -803 0
-801 -804 0
-801 -805 0
-801 -806 0
-801 -807 0
-801 -808 0
-801 -809 0
-802 -803 0
-802 -804 0
-802 -805 0
-802 -806 0
-802 -807 0
-802 -808 0
-802 -809 0
-803 -804 0
-803 -805 0
-803 -806 0
-803 -807 0
-803 -808 0
-803 -809 0
-804 -805 0
-804 -806 0
-804 -807 0
-804 -808 0
-804 -809 0
-805 -806 0
-805 -807 0
-805 -808 0
-805 -809 0
-806 -807 0
-806 -808 0
-806 -809 0
-807 -808 0
-807 -809 0
-808 -809 0
91 92 93 94 95 96 97 98 99 0
-91 -92 0
-91 -93 0
-91 -94 0
-91 -95 0
-91 -96 0
-91 -97 0
-91 -98 0
-91 -99 0
-92 -93 0
-92 -94 0
-92 -95 0
-92 -96 0
-92 -97 0
-92 -98 0
-92 -99 0
-93 -94 0
-93 -95 0
-93 -96 0
-93 -97 0
-93 -98 0
-93 -99 0
-94 -95 0
-94 -96 0
-94 -97 0
-94 -98 0
-94 -99 0
-95 -96 0
-95 -97 0
-95 -98 0
-95 -99 0
-96 -97 0
-96 -98 0
-96 -99 0
-97 -98 0
-97 -99 0
-98 -99 0
181 182 183 184 185 186 187 188 189 0
-181 -182 0
-181 -183 0
-181 -184 0
-181 -185 0
-181 -186 0
-181 -187 0
-181 -188 0
-181 -189 0
-182 -183 0
-182 -184 0
-182 -185 0
-182 -186 0
-182 -187 0
-182 -188 0
-182 -189 0
-183 -184 0
-183 -185 0
-183 -186 0
-183 -187 0
-183 -188 0
-183 -189 0
-184 -185 0
-184 -186 0
-184 -187 0
-184 -188 0
-184 -189 0
-185 -186 0
-185 -187 0
-185 -188 0
-185 -189 0
-186 -187 0
-186 -188 0
-186 -189 0
-187 -188 0
-187 -189 0
-188 -189 0
-178 189 0
-175 187 0
-176 189 0
173 174 177 174 178 171 175 173 177 174 176 171 174 0
181 182 189 188 189 189 187 184 186 183 189 188 181 0
-288 299 0
-285 297 0
-286 299 0
283 284 287 284 288 281 285 283 287 284 286 281 284 0
291 292 299 298 299 299 297 294 296 293 299 298 291 0
-318 329 0
-315 327 0
-316 329 0
313 314 317 314 318 311 315 313 317 314 316 311 314 0
321 322 329 328 329 329 327 324 326 323 329 328 321 0
-418 429 0
-415 427 0
-416 429 0
413 414 417 414 418 411 415 413 417 414 416 411 414 0
421 422 429 428 429 429 427 424 426 423 429 428 421 0
-448 459 0
-445 457 0
-446 459 0
443 444 447 444 448 441 445 443 447 444 446 441 444 0
451 452 459 458 459 459 457 454 456 453 459 458 451 0
-718 729 0
-715 727 0
-716 729 0
713 714 717 714 718 711 715 713 717 714 716 711 714 0
721 722 729 728 729 729 727 724 726 723 729 728 721 0
-48 139 0
-45 137 0
-46 139 0
43 44 47 44 48 41 45 43 47 44 46 41 44 0
131 132 139 138 139 139 137 134 136 133 139 138 131 0
-678 769 0
-675 767 0
-676 769 0
673 674 677 674 678 671 675 673 677 674 676 671 674 0
761 762 769 768 769 769 767 764 766 763 769 768 761 0
-608 699 0
-605 697 0
-606 699 0
603 604 607 604 608 601 605 603 607 604 606 601 604 0
691 692 699 698 699 699 697 694 696 693 699 698 691 0
-258 349 0
-255 347 0
-256 349 0
253 254 257 254 258 251 255 253 257 254 256 251 254 0
341 342 349 348 349 349 347 344 346 343 349 348 341 0
-528 619 0
-525 617 0
-526 619 0
523 524 527 524 528 521 525 523 527 524 526 521 524 0
611 612 619 618 619 619 617 614 616 613 619 618 611 0
-718 809 0
-715 807 0
-716 809 0
713 714 717 714 718 711 715 713 717 714 716 711 714 0
801 802 809 808 809 809 807 804 806 803 809 808 801 0
-98 189 0
-95 187 0
-96 189 0
93 94 97 94 98 91 95 93 97 94 96 91 94 0
181 182 189 188 189 189 187 184 186 183 189 188 181 0
-173 181 184 0
-174 182 188 183 181 0
-177 189 186 0
-171 189 188 0
-283 291 294 0
-284 292 298 293 291 0
-287 299 296 0
-281 299 298 0
-313 321 324 0
-314 322 328 323 321 0
-317 329 326 0
-311 329 328 0
-413 421 424 0
-414 422 428 423 421 0
-417 429 426 0
-411 429 428 0
-443 451 454 0
-444 452 458 453 451 0
-447 459 456 0
-441 459 458 0
-713 721 724 0
-714 722 728 723 721 0
-717 729 726 0
-711 729 728 0
-43 131 134 0
-44 132 138 133 131 0
-47 139 136 0
-41 139 138 0
-673 761 764 0
-674 762 768 763 761 0
-677 769 766 0
-671 769 768 0
-603 691 694 0
-604 692 698 693 691 0
-607 699 696 0
-601 699 698 0
-253 341 344 0
-254 342 348 343 341 0
-257 349 346 0
-251 349 348 0
-523 611 614 0
-524 612 618 613 611 0
-527 619 616 0
-521 619 618 0
-713 801 804 0
-714 802 808 803 801 0
-717 809 806 0
-711 809 808 0
-93 181 184 0
-94 182 188 183 181 0
-97 189 186 0
-91 189 188 0
-173 -181 -283 -291 0
-173 -181 -313 -321 0
-173 -181 -413 -421 0
-173 -181 -443 -451 0
-173 -181 -713 -721 0
-173 -181 -43 -131 0
-173 -181 -673 -761 0
-173 -181 -603 -691 0
-173 -181 -253 -341 0
-173 -181 -523 -611 0
-173 -181 -713 -801 0
-173 -181 -93 -181 0
-283 -291 -313 -321 0
-283 -291 -413 -421 0
-283 -291 -443 -451 0
-283 -291 -713 -721 0
-283 -291 -43 -131 0
-283 -291 -673 -761 0
-283 -291 -603 -691 0
-283 -291 -253 -341 0
-283 -291 -523 -611 0
-283 -291 -713 -801 0
-283 -291 -93 -181 0
-313 -321 -413 -421 0
-313 -321 -443 -451 0
-313 -321 -713 -721 0
-313 -321 -43 -131 0
-313 -321 -673 -761 0
-313 -321 -603 -691 0
-313 -321 -253 -341 0
-313 -321 -523 -611 0
-313 -321 -713 -801 0
-313 -321 -93 -181 0
-413 -421 -443 -451 0
-413 -421 -713 -721 0
-413 -421 -43 -131 0
-413 -421 -673 -761 0
-413 -421 -603 -691 0
-413 -421 -253 -341 0
-413 -421 -523 -611 0
-413 -421 -713 -801 0
-413 -421 -93 -181 0
-443 -451 -713 -721 0
-443 -451 -43 -131 0
-443 -451 -673 -761 0
-443 -451 -603 -691 0
-443 -451 -253 -341 0
-443 -451 -523 -611 0
-443 -451 -713 -801 0
-443 -451 -93 -181 0
-713 -721 -43 -131 0
-713 -721 -673 -761 0
-713 -721 -603 -691 0
-713 -721 -253 -341 0
-713 -721 -523 -611 0
-713 -721 -713 -801 0
-713 -721 -93 -181 0
-43 -131 -673 -761 0
-43 -131 -603 -691 0
-43 -131 -253 -341 0
-43 -131 -523 -611 0
-43 -131 -713 -801 0
-43 -131 -93 -181 0
-673 -761 -603 -691 0
-673 -761 -253 -341 0
-673 -761 -523 -611 0
-673 -761 -713 -801 0
-673 -761 -93 -181 0
-603 -691 -253 -341 0
-603 -691 -523 -611 0
-603 -691 -713 -801 0
-603 -691 -93 -181 0
-253 -341 -523 -611 0
-253 -341 -713 -801 0
-253 -341 -93 -181 0
-523 -611 -713 -801 0
-523 -611 -93 -181 0
-713 -801 -93 -181 0
-174 -182 -284 -292 0
-174 -182 -314 -322 0
-174 -182 -414 -422 0
-174 -182 -444 -452 0
-174 -182 -714 -722 0
-174 -182 -44 -132 0
-174 -182 -674 -762 0
-174 -182 -604 -692 0
-174 -182 -254 -342 0
-174 -182 -524 -612 0
-174 -182 -714 -802 0
-174 -182 -94 -182 0
-284 -292 -314 -322 0
-284 -292 -414 -422 0
-284 -292 -444 -452 0
-284 -292 -714 -722 0
-284 -292 -44 -132 0
-284 -292 -674 -762 0
-284 -292 -604 -692 0
-284 -292 -254 -342 0
-284 -292 -524 -612 0
-284 -292 -714 -802 0
-284 -292 -94 -182 0
-314 -322 -414 -422 0
-314 -322 -444 -452 0
-314 -322 -714 -722 0
-314 -322 -44 -132 0
-314 -322 -674 -762 0
-314 -322 -604 -692 0
-314 -322 -254 -342 0
-314 -322 -524 -612 0
-314 -322 -714 -802 0
-314 -322 -94 -182 0
-414 -422 -444 -452 0
-414 -422 -714 -722 0
-414 -422 -44 -132 0
-414 -422 -674 -762 0
-414 -422 -604 -692 0
-414 -422 -254 -342 0
-414 -422 -524 -612 0
-414 -422 -714 -802 0
-414 -422 -94 -182 0
-444 -452 -714 -722 0
-444 -452 -44 -132 0
-444 -452 -674 -762 0
-444 -452 -604 -692 0
-444 -452 -254 -342 0
-444 -452 -524 -612 0
-444 -452 -714 -802 0
-444 -452 -94 -182 0
-714 -722 -44 -132 0
-714 -722 -674 -762 0
-714 -722 -604 -692 0
-714 -722 -254 -342 0
-714 -722 -524 -612 0
-714 -722 -714 -802 0
-714 -722 -94 -182 0
-44 -132 -674 -762 0
-44 -132 -604 -692 0
-44 -132 -254 -342 0
-44 -132 -524 -612 0
-44 -132 -714 -802 0
-44 -132 -94 -182 0
-674 -762 -604 -692 0
-674 -762 -254 -342 0
-674 -762 -524 -612 0
-674 -762 -714 -802 0
-674 -762 -94 -182 0
-604 -692 -254 -342 0
-604 -692 -524 -612 0
-604 -692 -714 -802 0
-604 -692 -94 -182 0
-254 -342 -524 -612 0
-254 -342 -714 -802 0
-254 -342 -94 -182 0
-524 -612 -714 -802 0
-524 -612 -94 -182 0
-714 -802 -94 -182 0
-177 -189 -287 -299 0
-177 -189 -317 -329 0
-177 -189 -417 -429 0
-177 -189 -447 -459 0
-177 -189 -717 -729 0
-177 -189 -47 -139 0
-177 -189 -677 -769 0
-177 -189 -607 -699 0
-177 -189 -257 -349 0
-177 -189 -527 -619 0
-177 -189 -717 -809 0
-177 -189 -97 -189 0
-287 -299 -317 -329 0
-287 -299 -417 -429 0
-287 -299 -447 -459 0
-287 -299 -717 -729 0
-287 -299 -47 -139 0
-287 -299 -677 -769 0
-287 -299 -607 -699 0
-287 -299 -257 -349 0
-287 -299 -527 -619 0
-287 -299 -717 -809 0
-287 -299 -97 -189 0
-317 -329 -417 -429 0
-317 -329 -447 -459 0
-317 -329 -717 -729 0
-317 -329 -47 -139 0
-317 -329 -677 -769 0
-317 -329 -607 -699 0
-317 -329 -257 -349 0
-317 -329 -527 -619 0
-317 -329 -717 -809 0
-317 -329 -97 -189 0
-417 -429 -447 -459 0
-417 -429 -717 -729 0
-417 -429 -47 -139 0
-417 -429 -677 -769 0
-417 -429 -607 -699 0
-417 -429 -257 -349 0
-417 -429 -527 -619 0
-417 -429 -717 -809 0
-417 -429 -97 -189 0
-447 -459 -717 -729 0
-447 -459 -47 -139 0
-447 -459 -677 -769 0
-447 -459 -607 -699 0
-447 -459 -257 -349 0
-447 -459 -527 -619 0
-447 -459 -717 -809 0
-447 -459 -97 -189 0
-717 -729 -47 -139 0
-717 -729 -677 -769 0
-717 -729 -607 -699 0
-717 -729 -257 -349 0
-717 -729 -527 -619 0
-717 -729 -717 -809 0
-717 -729 -97 -189 0
-47 -139 -677 -769 0
-47 -139 -607 -699 0
-47 -139 -257 -349 0
-47 -139 -527 -619 0
-47 -139 -717 -809 0
-47 -139 -97 -189 0
-677 -769 -607 -699 0
-677 -769 -257 -349 0
-677 -769 -527 -619 0
-677 -769 -717 -809 0
-677 -769 -97 -189 0
-607 -699 -257 -349 0
-607 -699 -527 -619 0
-607 -699 -717 -809 0
-607 -699 -97 -189 0
-257 -349 -527 -619 0
-257 -349 -717 -809 0
-257 -349 -97 -189 0
-527 -619 -717 -809 0
-527 -619 -97 -189 0
-717 -809 -97 -189 0
-174 -188 -284 -298 0
-174 -188 -314 -328 0
-174 -188 -414 -428 0
-174 -188 -444 -458 0
-174 -188 -714 -728 0
-174 -188 -44 -138 0
-174 -188 -674 -768 0
-174 -188 -604 -698 0
-174 -188 -254 -348 0
-174 -188 -524 -618 0
-174 -188 -714 -808 0
-174 -188 -94 -188 0
-284 -298 -314 -328 0
-284 -298 -414 -428 0
-284 -298 -444 -458 0
-284 -298 -714 -728 0
-284 -298 -44 -138 0
-284 -298 -674 -768 0
-284 -298 -604 -698 0
-284 -298 -254 -348 0
-284 -298 -524 -618 0
-284 -298 -714 -808 0
-284 -298 -94 -188 0
-314 -328 -414 -428 0
-314 -328 -444 -458 0
-314 -328 -714 -728 0
-314 -328 -44 -138 0
-314 -328 -674 -768 0
-314 -328 -604 -698 0
-314 -328 -254 -348 0
-314 -328 -524 -618 0
-314 -328 -714 -808 0
-314 -328 -94 -188 0
-414 -428 -444 -458 0
-414 -428 -714 -728 0
-414 -428 -44 -138 0
-414 -428 -674 -768 0
-414 -428 -604 -698 0
-414 -428 -254 -348 0
-414 -428 -524 -618 0
-414 -428 -714 -808 0
-414 -428 -94 -188 0
-444 -458 -714 -728 0
-444 -458 -44 -138 0
-444 -458 -674 -768 0
-444 -458 -604 -698 0
-444 -458 -254 -348 0
-444 -458 -524 -618 0
-444 -458 -714 -808 0
-444 -458 -94 -188 0
-714 -728 -44 -138 0
-714 -728 -674 -768 0
-714 -728 -604 -698 0
-714 -728 -254 -348 0
-714 -728 -524 -618 0
-714 -728 -714 -808 0
-714 -728 -94 -188 0
-44 -138 -674 -768 0
-44 -138 -604 -698 0
-44 -138 -254 -348 0
-44 -138 -524 -618 0
-44 -138 -714 -808 0
-44 -138 -94 -188 0
-674 -768 -604 -698 0
-674 -768 -254 -348 0
-674 -768 -524 -618 0
-674 -768 -714 -808 0
-674 -768 -94 -188 0
-604 -698 -254 -348 0
-604 -698 -524 -618 0
-604 -698 -714 -808 0
-604 -698 -94 -188 0
-254 -348 -524 -618 0
-254 -348 -714 -808 0
-254 -348 -94 -188 0
-524 -618 -714 -808 0
-524 -618 -94 -188 0
-714 -808 -94 -188 0
-178 -189 -288 -299 0
-178 -189 -318 -329 0
-178 -189 -418 -429 0
-178 -189 -448 -459 0
-178 -189 -718 -729 0
-178 -189 -48 -139 0
-178 -189 -678 -769 0
-178 -189 -608 -699 0
-178 -189 -258 -349 0
-178 -189 -528 -619 0
-178 -189 -718 -809 0
-178 -189 -98 -189 0
-288 -299 -318 -329 0
-288 -299 -418 -429 0
-288 -299 -448 -459 0
-288 -299 -718 -729 0
-288 -299 -48 -139 0
-288 -299 -678 -769 0
-288 -299 -608 -699 0
-288 -299 -258 -349 0
-288 -299 -528 -619 0
-288 -299 -718 -809 0
-288 -299 -98 -189 0
-318 -329 -418 -429 0
-318 -329 -448 -459 0
-318 -329 -718 -729 0
-318 -329 -48 -139 0
-318 -329 -678 -769 0
-318 -329 -608 -699 0
-318 -329 -258 -349 0
-318 -329 -528 -619 0
-318 -329 -718 -809 0
-318 -329 -98 -189 0
-418 -429 -448 -459 0
-418 -429 -718 -729 0
-418 -429 -48 -139 0
-418 -429 -678 -769 0
-418 -429 -608 -699 0
-418 -429 -258 -349 0
-418 -429 -528 -619 0
-418 -429 -718 -809 0
-418 -429 -98 -189 0
-448 -459 -718 -729 0
-448 -459 -48 -139 0
-448 -459 -678 -769 0
-448 -459 -608 -699 0
-448 -459 -258 -349 0
-448 -459 -528 -619 0
-448 -459 -718 -809 0
-448 -459 -98 -189 0
-718 -729 -48 -139 0
-718 -729 -678 -769 0
-718 -729 -608 -699 0
-718 -729 -258 -349 0
-718 -729 -528 -619 0
-718 -729 -718 -809 0
-718 -729 -98 -189 0
-48 -139 -678 -769 0
-48 -139 -608 -699 0
-48 -139 -258 -349 0
-48 -139 -528 -619 0
-48 -139 -718 -809 0
-48 -139 -98 -189 0
-678 -769 -608 -699 0
-678 -769 -258 -349 0
-678 -769 -528 -619 0
-678 -769 -718 -809 0
-678 -769 -98 -189 0
-608 -699 -258 -349 0
-608 -699 -528 -619 0
-608 -699 -718 -809 0
-608 -699 -98 -189 0
-258 -349 -528 -619 0
-258 -349 -718 -809 0
-258 -349 -98 -189 0
-528 -619 -718 -809 0
-528 -619 -98 -189 0
-718 -809 -98 -189 0
-171 -189 -281 -299 0
-171 -189 -311 -329 0
-171 -189 -411 -429 0
-171 -189 -441 -459 0
-171 -189 -711 -729 0
-171 -189 -41 -139 0
-171 -189 -671 -769 0
-171 -189 -601 -699 0
-171 -189 -251 -349 0
-171 -189 -521 -619 0
-171 -189 -711 -809 0
-171 -189 -91 -189 0
-281 -299 -311 -329 0
-281 -299 -411 -429 0
-281 -299 -441 -459 0
-281 -299 -711 -729 0
-281 -299 -41 -139 0
-281 -299 -671 -769 0
-281 -299 -601 -699 0
-281 -299 -251 -349 0
-281 -299 -521 -619 0
-281 -299 -711 -809 0
-281 -299 -91 -189 0
-311 -329 -411 -429 0
-311 -329 -441 -459 0
-311 -329 -711 -729 0
-311 -329 -41 -139 0
-311 -329 -671 -769 0
-311 -329 -601 -699 0
-311 -329 -251 -349 0
-311 -329 -521 -619 0
-311 -329 -711 -809 0
-311 -329 -91 -189 0
-411 -429 -441 -459 0
-411 -429 -711 -729 0
-411 -429 -41 -139 0
-411 -429 -671 -769 0
-411 -429 -601 -699 0
-411 -429 -251 -349 0
-411 -429 -521 -619 0
-411 -429 -711 -809 0
-411 -429 -91 -189 0
-441 -459 -711 -729 0
-441 -459 -41 -139 0
-441 -459 -671 -769 0
-441 -459 -601 -699 0
-441 -459 -251 -349 0
-441 -459 -521 -619 0
-441 -459 -711 -809 0
-441 -459 -91 -189 0
-711 -729 -41 -139 0
-711 -729 -671 -769 0
-711 -729 -601 -699 0
-711 -729 -251 -349 0
-711 -729 -521 -619 0
-711 -729 -711 -809 0
-711 -729 -91 -189 0
-41 -139 -671 -769 0
-41 -139 -601 -699 0
-41 -139 -251 -349 0
-41 -139 -521 -619 0
-41 -139 -711 -809 0
-41 -139 -91 -189 0
-671 -769 -601 -699 0
-671 -769 -251 -349 0
-671 -769 -521 -619 0
-671 -769 -711 -809 0
-671 -769 -91 -189 0
-601 -699 -251 -349 0
-601 -699 -521 -619 0
-601 -699 -711 -809 0
-601 -699 -91 -189 0
-251 -349 -521 -619 0
-251 -349 -711 -809 0
-251 -349 -91 -189 0
-521 -619 -711 -809 0
-521 -619 -91 -189 0
-711 -809 -91 -189 0
-175 -187 -285 -297 0
-175 -187 -315 -327 0
-175 -187 -415 -427 0
-175 -187 -445 -457 0
-175 -187 -715 -727 0
-175 -187 -45 -137 0
-175 -187 -675 -767 0
-175 -187 -605 -697 0
-175 -187 -255 -347 0
-175 -187 -525 -617 0
-175 -187 -715 -807 0
-175 -187 -95 -187 0
-285 -297 -315 -327 0
-285 -297 -415 -427 0
-285 -297 -445 -457 0
-285 -297 -715 -727 0
-285 -297 -45 -137 0
-285 -297 -675 -767 0
-285 -297 -605 -697 0
-285 -297 -255 -347 0
-285 -297 -525 -617 0
-285 -297 -715 -807 0
-285 -297 -95 -187 0
-315 -327 -415 -427 0
-315 -327 -445 -457 0
-315 -327 -715 -727 0
-315 -327 -45 -137 0
-315 -327 -675 -767 0
-315 -327 -605 -697 0
-315 -327 -255 -347 0
-315 -327 -525 -617 0
-315 -327 -715 -807 0
-315 -327 -95 -187 0
-415 -427 -445 -457 0
-415 -427 -715 -727 0
-415 -427 -45 -137 0
-415 -427 -675 -767 0
-415 -427 -605 -697 0
-415 -427 -255 -347 0
-415 -427 -525 -617 0
-415 -427 -715 -807 0
-415 -427 -95 -187 0
-445 -457 -715 -727 0
-445 -457 -45 -137 0
-445 -457 -675 -767 0
-445 -457 -605 -697 0
-445 -457 -255 -347 0
-445 -457 -525 -617 0
-445 -457 -715 -807 0
-445 -457 -95 -187 0
-715 -727 -45 -137 0
-715 -727 -675 -767 0
-715 -727 -605 -697 0
-715 -727 -255 -347 0
-715 -727 -525 -617 0
-715 -727 -715 -807 0
-715 -727 -95 -187 0
-45 -137 -675 -767 0
-45 -137 -605 -697 0
-45 -137 -255 -347 0
-45 -137 -525 -617 0
-45 -137 -715 -807 0
-45 -137 -95 -187 0
-675 -767 -605 -697 0
-675 -767 -255 -347 0
-675 -767 -525 -617 0
-675 -767 -715 -807 0
-675 -767 -95 -187 0
-605 -697 -255 -347 0
-605 -697 -525 -617 0
-605 -697 -715 -807 0
-605 -697 -95 -187 0
-255 -347 -525 -617 0
-255 -347 -715 -807 0
-255 -347 -95 -187 0
-525 -617 -715 -807 0
-525 -617 -95 -187 0
-715 -807 -95 -187 0
-173 -184 -283 -294 0
-173 -184 -313 -324 0
-173 -184 -413 -424 0
-173 -184 -443 -454 0
-173 -184 -713 -724 0
-173 -184 -43 -134 0
-173 -184 -673 -764 0
-173 -184 -603 -694 0
-173 -184 -253 -344 0
-173 -184 -523 -614 0
-173 -184 -713 -804 0
-173 -184 -93 -184 0
-283 -294 -313 -324 0
-283 -294 -413 -424 0
-283 -294 -443 -454 0
-283 -294 -713 -724 0
-283 -294 -43 -134 0
-283 -294 -673 -764 0
-283 -294 -603 -694 0
-283 -294 -253 -344 0
-283 -294 -523 -614 0
-283 -294 -713 -804 0
-283 -294 -93 -184 0
-313 -324 -413 -424 0
-313 -324 -443 -454 0
-313 -324 -713 -724 0
-313 -324 -43 -134 0
-313 -324 -673 -764 0
-313 -324 -603 -694 0
-313 -324 -253 -344 0
-313 -324 -523 -614 0
-313 -324 -713 -804 0
-313 -324 -93 -184 0
-413 -424 -443 -454 0
-413 -424 -713 -724 0
-413 -424 -43 -134 0
-413 -424 -673 -764 0
-413 -424 -603 -694 0
-413 -424 -253 -344 0
-413 -424 -523 -614 0
-413 -424 -713 -804 0
-413 -424 -93 -184 0
-443 -454 -713 -724 0
-443 -454 -43 -134 0
-443 -454 -673 -764 0
-443 -454 -603 -694 0
-443 -454 -253 -344 0
-443 -454 -523 -614 0
-443 -454 -713 -804 0
-443 -454 -93 -184 0
-713 -724 -43 -134 0
-713 -724 -673 -764 0
-713 -724 -603 -694 0
-713 -724 -253 -344 0
-713 -724 -523 -614 0
-713 -724 -713 -804 0
-713 -724 -93 -184 0
-43 -134 -673 -764 0
-43 -134 -603 -694 0
-43 -134 -253 -344 0
-43 -134 -523 -614 0
-43 -134 -713 -804 0
-43 -134 -93 -184 0
-673 -764 -603 -694 0
-673 -764 -253 -344 0
-673 -764 -523 -614 0
-673 -764 -713 -804 0
-673 -764 -93 -184 0
-603 -694 -253 -344 0
-603 -694 -523 -614 0
-603 -694 -713 -804 0
-603 -694 -93 -184 0
-253 -344 -523 -614 0
-253 -344 -713 -804 0
-253 -344 -93 -184 0
-523 -614 -713 -804 0
-523 -614 -93 -184 0
-713 -804 -93 -184 0
-177 -186 -287 -296 0
-177 -186 -317 -326 0
-177 -186 -417 -426 0
-177 -186 -447 -456 0
-177 -186 -717 -726 0
-177 -186 -47 -136 0
-177 -186 -677 -766 0
-177 -186 -607 -696 0
-177 -186 -257 -346 0
-177 -186 -527 -616 0
-177 -186 -717 -806 0
-177 -186 -97 -186 0
-287 -296 -317 -326 0
-287 -296 -417 -426 0
-287 -296 -447 -456 0
-287 -296 -717 -726 0
-287 -296 -47 -136 0
-287 -296 -677 -766 0
-287 -296 -607 -696 0
-287 -296 -257 -346 0
-287 -296 -527 -616 0
-287 -296 -717 -806 0
-287 -296 -97 -186 0
-317 -326 -417 -426 0
-317 -326 -447 -456 0
-317 -326 -717 -726 0
-317 -326 -47 -136 0
-317 -326 -677 -766 0
-317 -326 -607 -696 0
-317 -326 -257 -346 0
-317 -326 -527 -616 0
-317 -326 -717 -806 0
-317 -326 -97 -186 0
-417 -426 -447 -456 0
-417 -426 -717 -726 0
-417 -426 -47 -136 0
-417 -426 -677 -766 0
-417 -426 -607 -696 0
-417 -426 -257 -346 0
-417 -426 -527 -616 0
-417 -426 -717 -806 0
-417 -426 -97 -186 0
-447 -456 -717 -726 0
-447 -456 -47 -136 0
-447 -456 -677 -766 0
-447 -456 -607 -696 0
-447 -456 -257 -346 0
-447 -456 -527 -616 0
-447 -456 -717 -806 0
-447 -456 -97 -186 0
-717 -726 -47 -136 0
-717 -726 -677 -766 0
-717 -726 -607 -696 0
-717 -726 -257 -346 0
-717 -726 -527 -616 0
-717 -726 -717 -806 0
-717 -726 -97 -186 0
-47 -136 -677 -766 0
-47 -136 -607 -696 0
-47 -136 -257 -346 0
-47 -136 -527 -616 0
-47 -136 -717 -806 0
-47 -136 -97 -186 0
-677 -766 -607 -696 0
-677 -766 -257 -346 0
-677 -766 -527 -616 0
-677 -766 -717 -806 0
-677 -766 -97 -186 0
-607 -696 -257 -346 0
-607 -696 -527 -616 0
-607 -696 -717 -806 0
-607 -696 -97 -186 0
-257 -346 -527 -616 0
-257 -346 -717 -806 0
-257 -346 -97 -186 0
-527 -616 -717 -806 0
-527 -616 -97 -186 0
-717 -806 -97 -186 0
-174 -183 -284 -293 0
-174 -183 -314 -323 0
-174 -183 -414 -423 0
-174 -183 -444 -453 0
-174 -183 -714 -723 0
-174 -183 -44 -133 0
-174 -183 -674 -763 0
-174 -183 -604 -693 0
-174 -183 -254 -343 0
-174 -183 -524 -613 0
-174 -183 -714 -803 0
-174 -183 -94 -183 0
-284 -293 -314 -323 0
-284 -293 -414 -423 0
-284 -293 -444 -453 0
-284 -293 -714 -723 0
-284 -293 -44 -133 0
-284 -293 -674 -763 0
-284 -293 -604 -693 0
-284 -293 -254 -343 0
-284 -293 -524 -613 0
-284 -293 -714 -803 0
-284 -293 -94 -183 0
-314 -323 -414 -423 0
-314 -323 -444 -453 0
-314 -323 -714 -723 0
-314 -323 -44 -133 0
-314 -323 -674 -763 0
-314 -323 -604 -693 0
-314 -323 -254 -343 0
-314 -323 -524 -613 0
-314 -323 -714 -803 0
-314 -323 -94 -183 0
-414 -423 -444 -453 0
-414 -423 -714 -723 0
-414 -423 -44 -133 0
-414 -423 -674 -763 0
-414 -423 -604 -693 0
-414 -423 -254 -343 0
-414 -423 -524 -613 0
-414 -423 -714 -803 0
-414 -423 -94 -183 0
-444 -453 -714 -723 0
-444 -453 -44 -133 0
-444 -453 -674 -763 0
-444 -453 -604 -693 0
-444 -453 -254 -343 0
-444 -453 -524 -613 0
-444 -453 -714 -803 0
-444 -453 -94 -183 0
-714 -723 -44 -133 0
-714 -723 -674 -763 0
-714 -723 -604 -693 0
-714 -723 -254 -343 0
-714 -723 -524 -613 0
-714 -723 -714 -803 0
-714 -723 -94 -183 0
-44 -133 -674 -763 0
-44 -133 -604 -693 0
-44 -133 -254 -343 0
-44 -133 -524 -613 0
-44 -133 -714 -803 0
-44 -133 -94 -183 0
-674 -763 -604 -693 0
-674 -763 -254 -343 0
-674 -763 -524 -613 0
-674 -763 -714 -803 0
-674 -763 -94 -183 0
-604 -693 -254 -343 0
-604 -693 -524 -613 0
-604 -693 -714 -803 0
-604 -693 -94 -183 0
-254 -343 -524 -613 0
-254 -343 -714 -803 0
-254 -343 -94 -183 0
-524 -613 -714 -803 0
-524 -613 -94 -183 0
-714 -803 -94 -183 0
-176 -189 -286 -299 0
-176 -189 -316 -329 0
-176 -189 -416 -429 0
-176 -189 -446 -459 0
-176 -189 -716 -729 0
-176 -189 -46 -139 0
-176 -189 -676 -769 0
-176 -189 -606 -699 0
-176 -189 -256 -349 0
-176 -189 -526 -619 0
-176 -189 -716 -809 0
-176 -189 -96 -189 0
-286 -299 -316 -329 0
-286 -299 -416 -429 0
-286 -299 -446 -459 0
-286 -299 -716 -729 0
-286 -299 -46 -139 0
-286 -299 -676 -769 0
-286 -299 -606 -699 0
-286 -299 -256 -349 0
-286 -299 -526 -619 0
-286 -299 -716 -809 0
-286 -299 -96 -189 0
-316 -329 -416 -429 0
-316 -329 -446 -459 0
-316 -329 -716 -729 0
-316 -329 -46 -139 0
-316 -329 -676 -769 0
-316 -329 -606 -699 0
-316 -329 -256 -349 0
-316 -329 -526 -619 0
-316 -329 -716 -809 0
-316 -329 -96 -189 0
-416 -429 -446 -459 0
-416 -429 -716 -729 0
-416 -429 -46 -139 0
-416 -429 -676 -769 0
-416 -429 -606 -699 0
-416 -429 -256 -349 0
-416 -429 -526 -619 0
-416 -429 -716 -809 0
-416 -429 -96 -189 0
-446 -459 -716 -729 0
-446 -459 -46 -139 0
-446 -459 -676 -769 0
-446 -459 -606 -699 0
-446 -459 -256 -349 0
-446 -459 -526 -619 0
-446 -459 -716 -809 0
-446 -459 -96 -189 0
-716 -729 -46 -139 0
-716 -729 -676 -769 0
-716 -729 -606 -699 0
-716 -729 -256 -349 0
-716 -729 -526 -619 0
-716 -729 -716 -809 0
-716 -729 -96 -189 0
-46 -139 -676 -769 0
-46 -139 -606 -699 0
-46 -139 -256 -349 0
-46 -139 -526 -619 0
-46 -139 -716 -809 0
-46 -139 -96 -189 0
-676 -769 -606 -699 0
-676 -769 -256 -349 0
-676 -769 -526 -619 0
-676 -769 -716 -809 0
-676 -769 -96 -189 0
-606 -699 -256 -349 0
-606 -699 -526 -619 0
-606 -699 -716 -809 0
-606 -699 -96 -189 0
-256 -349 -526 -619 0
-256 -349 -716 -809 0
-256 -349 -96 -189 0
-526 -619 -716 -809 0
-526 -619 -96 -189 0
-716 -809 -96 -189 0
-171 -188 -281 -298 0
-171 -188 -311 -328 0
-171 -188 -411 -428 0
-171 -188 -441 -458 0
-171 -188 -711 -728 0
-171 -188 -41 -138 0
-171 -188 -671 -768 0
-171 -188 -601 -698 0
-171 -188 -251 -348 0
-171 -188 -521 -618 0
-171 -188 -711 -808 0
-171 -188 -91 -188 0
-281 -298 -311 -328 0
-281 -298 -411 -428 0
-281 -298 -441 -458 0
-281 -298 -711 -728 0
-281 -298 -41 -138 0
-281 -298 -671 -768 0
-281 -298 -601 -698 0
-281 -298 -251 -348 0
-281 -298 -521 -618 0
-281 -298 -711 -808 0
-281 -298 -91 -188 0
-311 -328 -411 -428 0
-311 -328 -441 -458 0
-311 -328 -711 -728 0
-311 -328 -41 -138 0
-311 -328 -671 -768 0
-311 -328 -601 -698 0
-311 -328 -251 -348 0
-311 -328 -521 -618 0
-311 -328 -711 -808 0
-311 -328 -91 -188 0
-411 -428 -441 -458 0
-411 -428 -711 -728 0
-411 -428 -41 -138 0
-411 -428 -671 -768 0
-411 -428 -601 -698 0
-411 -428 -251 -348 0
-411 -428 -521 -618 0
-411 -428 -711 -808 0
-411 -428 -91 -188 0
-441 -458 -711 -728 0
-441 -458 -41 -138 0
-441 -458 -671 -768 0
-441 -458 -601 -698 0
-441 -458 -251 -348 0
-441 -458 -521 -618 0
-441 -458 -711 -808 0
-441 -458 -91 -188 0
-711 -728 -41 -138 0
-711 -728 -671 -768 0
-711 -728 -601 -698 0
-711 -728 -251 -348 0
-711 -728 -521 -618 0
-711 -728 -711 -808 0
-711 -728 -91 -188 0
-41 -138 -671 -768 0
-41 -138 -601 -698 0
-41 -138 -251 -348 0
-41 -138 -521 -618 0
-41 -138 -711 -808 0
-41 -138 -91 -188 0
-671 -768 -601 -698 0
-671 -768 -251 -348 0
-671 -768 -521 -618 0
-671 -768 -711 -808 0
-671 -768 -91 -188 0
-601 -698 -251 -348 0
-601 -698 -521 -618 0
-601 -698 -711 -808 0
-601 -698 -91 -188 0
-251 -348 -521 -618 0
-251 -348 -711 -808 0
-251 -348 -91 -188 0
-521 -618 -711 -808 0
-521 -618 -91 -188 0
-711 -808 -91 -188 0
-174 -181 -284 -291 0
-174 -181 -314 -321 0
-174 -181 -414 -421 0
-174 -181 -444 -451 0
-174 -181 -714 -721 0
-174 -181 -44 -131 0
-174 -181 -674 -761 0
-174 -181 -604 -691 0
-174 -181 -254 -341 0
-174 -181 -524 -611 0
-174 -181 -714 -801 0
-174 -181 -94 -181 0
-284 -291 -314 -321 0
-284 -291 -414 -421 0
-284 -291 -444 -451 0
-284 -291 -714 -721 0
-284 -291 -44 -131 0
-284 -291 -674 -761 0
-284 -291 -604 -691 0
-284 -291 -254 -341 0
-284 -291 -524 -611 0
-284 -291 -714 -801 0
-284 -291 -94 -181 0
-314 -321 -414 -421 0
-314 -321 -444 -451 0
-314 -321 -714 -721 0
-314 -321 -44 -131 0
-314 -321 -674 -761 0
-314 -321 -604 -691 0
-314 -321 -254 -341 0
-314 -321 -524 -611 0
-314 -321 -714 -801 0
-314 -321 -94 -181 0
-414 -421 -444 -451 0
-414 -421 -714 -721 0
-414 -421 -44 -131 0
-414 -421 -674 -761 0
-414 -421 -604 -691 0
-414 -421 -254 -341 0
-414 -421 -524 -611 0
-414 -421 -714 -801 0
-414 -421 -94 -181 0
-444 -451 -714 -721 0
-444 -451 -44 -131 0
-444 -451 -674 -761 0
-444 -451 -604 -691 0
-444 -451 -254 -341 0
-444 -451 -524 -611 0
-444 -451 -714 -801 0
-444 -451 -94 -181 0
-714 -721 -44 -131 0
-714 -721 -674 -761 0
-714 -721 -604 -691 0
-714 -721 -254 -341 0
-714 -721 -524 -611 0
-714 -721 -714 -801 0
-714 -721 -94 -181 0
-44 -131 -674 -761 0
-44 -131 -604 -691 0
-44 -131 -254 -341 0
-44 -131 -524 -611 0
-44 -131 -714 -801 0
-44 -131 -94 -181 0
-674 -761 -604 -691 0
-674 -761 -254 -341 0
-674 -761 -524 -611 0
-674 -761 -714 -801 0
-674 -761 -94 -181 0
-604 -691 -254 -341 0
-604 -691 -524 -611 0
-604 -691 -714 -801 0
-604 -691 -94 -181 0
-254 -341 -524 -611 0
-254 -341 -714 -801 0
-254 -341 -94 -181 0
-524 -611 -714 -801 0
-524 -611 -94 -181 0
-714 -801 -94 -181 0
191 192 193 194 195 196 197 198 199 0
201 202 203 204 205 206 207 208 209 0
211 212 213 214 215 216 217 218 219 0
341 342 343 344 345 346 347 348 349 0
351 352 353 354 355 356 357 358 359 0
361 362 363 364 365 366 367 368 369 0
371 372 373 374 375 376 377 378 379 0
381 382 383 384 385 386 387 388 389 0
391 392 393 394 395 396 397 398 399 0
521 522 523 524 525 526 527 528 529 0
531 532 533 534 535 536 537 538 539 0
541 542 543 544 545 546 547 548 549 0
551 552 553 554 555 556 557 558 559 0
561 562 563 564 565 566 567 568 569 0
571 572 573 574 575 576 577 578 579 0
591 592 593 594 595 596 597 598 599 0
601 602 603 604 605 606 607 608 609 0
611 612 613 614 615 616 617 618 619 0
791 792 793 794 795 796 797 798 799 0
801 802 803 804 805 806 807 808 809 0
811 812 813 814 815 816 817 818 819 0
551 552 553 554 555 556 557 558 559 0
641 642 643 644 645 646 647 648 649 0
731 732 733 734 735 736 737 738 739 0
31 32 33 34 35 36 37 38 39 0
121 122 123 124 125 126 127 128 129 0
211 212 213 214 215 216 217 218 219 0
61 62 63 64 65 66 67 68 69 0
151 152 153 154 155 156 157 158 159 0
241 242 243 244 245 246 247 248 249 0
191 192 193 194 195 196 197 198 199 0
-191 -192 0
-191 -193 0
-191 -194 0
-191 -195 0
-191 -196 0
-191 -197 0
-191 -198 0
-191 -199 0
-192 -193 0
-192 -194 0
-192 -195 0
-192 -196 0
-192 -197 0
-192 -198 0
-192 -199 0
-193 -194 0
-193 -195 0
-193 -196 0
-193 -197 0
-193 -198 0
-193 -199 0
-194 -195 0
-194 -196 0
-194 -197 0
-194 -198 0
-194 -199 0
-195 -196 0
-195 -197 0
-195 -198 0
-195 -199 0
-196 -197 0
-196 -198 0
-196 -199 0
-197 -198 0
-197 -199 0
-198 -199 0
201 202 203 204 205 206 207 208 209 0
-201 -202 0
-201 -203 0
-201 -204 0
-201 -205 0
-201 -206 0
-201 -207 0
-201 -208 0
-201 -209 0
-202 -203 0
-202 -204 0
-202 -205 0
-202 -206 0
-202 -207 0
-202 -208 0
-202 -209 0
-203 -204 0
-203 -205 0
-203 -206 0
-203 -207 0
-203 -208 0
-203 -209 0
-204 -205 0
-204 -206 0
-204 -207 0
-204 -208 0
-204 -209 0
-205 -206 0
-205 -207 0
-205 -208 0
-205 -209 0
-206 -207 0
-206 -208 0
-206 -209 0
-207 -208 0
-207 -209 0
-208 -209 0
211 212 213 214 215 216 217 218 219 0
-211 -212 0
-211 -213 0
-211 -214 0
-211 -215 0
-211 -216 0
-211 -217 0
-211 -218 0
-211 -219 0
-212 -213 0
-212 -214 0
-212 -215 0
-212 -216 0
-212 -217 0
-212 -218 0
-212 -219 0
-213 -214 0
-213 -215 0
-213 -216 0
-213 -217 0
-213 -218 0
-213 -219 0
-214 -215 0
-214 -216 0
-214 -217 0
-214 -218 0
-214 -219 0
-215 -216 0
-215 -217 0
-215 -218 0
-215 -219 0
-216 -217 0
-216 -218 0
-216 -219 0
-217 -218 0
-217 -219 0
-218 -219 0
341 342 343 344 345 346 347 348 349 0
-341 -342 0
-341 -343 0
-341 -344 0
-341 -345 0
-341 -346 0
-341 -347 0
-341 -348 0
-341 -349 0
-342 -343 0
-342 -344 0
-342 -345 0
-342 -346 0
-342 -347 0
-342 -348 0
-342 -349 0
-343 -344 0
-343 -345 0
-343 -346 0
-343 -347 0
-343 -348 0
-343 -349 0
-344 -345 0
-344 -346 0
-344 -347 0
-344 -348 0
-344 -349 0
-345 -346 0
-345 -347 0
-345 -348 0
-345 -349 0
-346 -347 0
-346 -348 0
-346 -349 0
-347 -348 0
-347 -349 0
-348 -349 0
351 352 353 354 355 356 357 358 359 0
-351 -352 0
-351 -353 0
-351 -354 0
-351 -355 0
-351 -356 0
-351 -357 0
-351 -358 0
-351 -359 0
-352 -353 0
-352 -354 0
-352 -355 0
-352 -356 0
-352 -357 0
-352 -358 0
-352 -359 0
-353 -354 0
-353 -355 0
-353 -356 0
-353 -357 0
-353 -358 0
-353 -359 0
-354 -355 0
-354 -356 0
-354 -357 0
-354 -358 0
-354 -359 0
-355 -356 0
-355 -357 0
-355 -358 0
-355 -359 0
-356 -357 0
-356 -358 0
-356 -359 0
-357 -358 0
-357 -359 0
-358 -359 0
361 362 363 364 365 366 367 368 369 0
-361 -362 0
-361 -363 0
-361 -364 0
-361 -365 0
-361 -366 0
-361 -367 0
-361 -368 0
-361 -369 0
-362 -363 0
-362 -364 0
-362 -365 0
-362 -366 0
-362 -367 0
-362 -368 0
-362 -369 0
-363 -364 0
-363 -365 0
-363 -366 0
-363 -367 0
-363 -368 0
-363 -369 0
-364 -365 0
-364 -366 0
-364 -367 0
-364 -368 0
-364 -369 0
-365 -366 0
-365 -367 0
-365 -368 0
-365 -369 0
-366 -367 0
-366 -368 0
-366 -369 0
-367 -368 0
-367 -369 0
-368 -369 0
371 372 373 374 375 376 377 378 379 0
-371 -372 0
-371 -373 0
-371 -374 0
-371 -375 0
-371 -376 0
-371 -377 0
-371 -378 0
-371 -379 0
-372 -373 0
-372 -374 0
-372 -375 0
-372 -376 0
-372 -377 0
-372 -378 0
-372 -379 0
-373 -374 0
-373 -375 0
-373 -376 0
-373 -377 0
-373 -378 0
-373 -379 0
-374 -375 0
-374 -376 0
-374 -377 0
-374 -378 0
-374 -379 0
-375 -376 0
-375 -377 0
-375 -378 0
-375 -379 0
-376 -377 0
-376 -378 0
-376 -379 0
-377 -378 0
-377 -379 0
-378 -379 0
381 382 383 384 385 386 387 388 389 0
-381 -382 0
-381 -383 0
-381 -384 0
-381 -385 0
-381 -386 0
-381 -387 0
-381 -388 0
-381 -389 0
-382 -383 0
-382 -384 0
-382 -385 0
-382 -386 0
-382 -387 0
-382 -388 0
-382 -389 0
-383 -384 0
-383 -385 0
-383 -386 0
-383 -387 0
-383 -388 0
-383 -389 0
-384 -385 0
-384 -386 0
-384 -387 0
-384 -388 0
-384 -389 0
-385 -386 0
-385 -387 0
-385 -388 0
-385 -389 0
-386 -387 0
-386 -388 0
-386 -389 0
-387 -388 0
-387 -389 0
-388 -389 0
391 392 393 394 395 396 397 398 399 0
-391 -392 0
-391 -393 0
-391 -394 0
-391 -395 0
-391 -396 0
-391 -397 0
-391 -398 0
-391 -399 0
-392 -393 0
-392 -394 0
-392 -395 0
-392 -396 0
-392 -397 0
-392 -398 0
-392 -399 0
-393 -394 0
-393 -395 0
-393 -396 0
-393 -397 0
-393 -398 0
-393 -399 0
-394 -395 0
-394 -396 0
-394 -397 0
-394 -398 0
-394 -399 0
-395 -396 0
-395 -397 0
-395 -398 0
-395 -399 0
-396 -397 0
-396 -398 0
-396 -399 0
-397 -398 0
-397 -399 0
-398 -399 0
521 522 523 524 525 526 527 528 529 0
-521 -522 0
-521 -523 0
-521 -524 0
-521 -525 0
-521 -526 0
-521 -527 0
-521 -528 0
-521 -529 0
-522 -523 0
-522 -524 0
-522 -525 0
-522 -526 0
-522 -527 0
-522 -528 0
-522 -529 0
-523 -524 0
-523 -525 0
-523 -526 0
-523 -527 0
-523 -528 0
-523 -529 0
-524 -525 0
-524 -526 0
-524 -527 0
-524 -528 0
-524 -529 0
-525 -526 0
-525 -527 0
-525 -528 0
-525 -529 0
-526 -527 0
-526 -528 0
-526 -529 0
-527 -528 0
-527 -529 0
-528 -529 0
531 532 533 534 535 536 537 538 539 0
-531 -532 0
-531 -533 0
-531 -534 0
-531 -535 0
-531 -536 0
-531 -537 0
-531 -538 0
-531 -539 0
-532 -533 0
-532 -534 0
-532 -535 0
-532 -536 0
-532 -537 0
-532 -538 0
-532 -539 0
-533 -534 0
-533 -535 0
-533 -536 0
-533 -537 0
-533 -538 0
-533 -539 0
-534 -535 0
-534 -536 0
-534 -537 0
-534 -538 0
-534 -539 0
-535 -536 0
-535 -537 0
-535 -538 0
-535 -539 0
-536 -537 0
-536 -538 0
-536 -539 0
-537 -538 0
-537 -539 0
-538 -539 0
541 542 543 544 545 546 547 548 549 0
-541 -542 0
-541 -543 0
-541 -544 0
-541 -545 0
-541 -546 0
-541 -547 0
-541 -548 0
-541 -549 0
-542 -543 0
-542 -544 0
-542 -545 0
-542 -546 0
-542 -547 0
-542 -548 0
-542 -549 0
-543 -544 0
-543 -545 0
-543 -546 0
-543 -547 0
-543 -548 0
-543 -549 0
-544 -545 0
-544 -546 0
-544 -547 0
-544 -548 0
-544 -549 0
-545 -546 0
-545 -547 0
-545 -548 0
-545 -549 0
-546 -547 0
-546 -548 0
-546 -549 0
-547 -548 0
-547 -549 0
-548 -549 0
551 552 553 554 555 556 557 558 559 0
-551 -552 0
-551 -553 0
-551 -554 0
-551 -555 0
-551 -556 0
-551 -557 0
-551 -558 0
-551 -559 0
-552 -553 0
-552 -554 0
-552 -555 0
-552 -556 0
-552 -557 0
-552 -558 0
-552 -559 0
-553 -554 0
-553 -555 0
-553 -556 0
-553 -557 0
-553 -558 0
-553 -559 0
-554 -555 0
-554 -556 0
-554 -557 0
-554 -558 0
-554 -559 0
-555 -556 0
-555 -557 0
-555 -558 0
-555 -559 0
-556 -557 0
-556 -558 0
-556 -559 0
-557 -558 0
-557 -559 0
-558 -559 0
561 562 563 564 565 566 567 568 569 0
-561 -562 0
-561 -563 0
-561 -564 0
-561 -565 0
-561 -566 0
-561 -567 0
-561 -568 0
-561 -569 0
-562 -563 0
-562 -564 0
-562 -565 0
-562 -566 0
-562 -567 0
-562 -568 0
-562 -569 0
-563 -564 0
-563 -565 0
-563 -566 0
-563 -567 0
-563 -568 0
-563 -569 0
-564 -565 0
-564 -566 0
-564 -567 0
-564 -568 0
-564 -569 0
-565 -566 0
-565 -567 0
-565 -568 0
-565 -569 0
-566 -567 0
-566 -568 0
-566 -569 0
-567 -568 0
-567 -569 0
-568 -569 0
571 572 573 574 575 576 577 578 579 0
-571 -572 0
-571 -573 0
-571 -574 0
-571 -575 0
-571 -576 0
-571 -577 0
-571 -578 0
-571 -579 0
-572 -573 0
-572 -574 0
-572 -575 0
-572 -576 0
-572 -577 0
-572 -578 0
-572 -579 0
-573 -574 0
-573 -575 0
-573 -576 0
-573 -577 0
-573 -578 0
-573 -579 0
-574 -575 0
-574 -576 0
-574 -577 0
-574 -578 0
-574 -579 0
-575 -576 0
-575 -577 0
-575 -578 0
-575 -579 0
-576 -577 0
-576 -578 0
-576 -579 0
-577 -578 0
-577 -579 0
-578 -579 0
591 592 593 594 595 596 597 598 599 0
-591 -592 0
-591 -593 0
-591 -594 0
-591 -595 0
-591 -596 0
-591 -597 0
-591 -598 0
-591 -599 0
-592 -593 0
-592 -594 0
-592 -595 0
-592 -596 0
-592 -597 0
-592 -598 0
-592 -599 0
-593 -594 0
-593 -595 0
-593 -596 0
-593 -597 0
-593 -598 0
-593 -599 0
-594 -595 0
-594 -596 0
-594 -597 0
-594 -598 0
-594 -599 0
-595 -596 0
-595 -597 0
-595 -598 0
-595 -599 0
-596 -597 0
-596 -598 0
-596 -599 0
-597 -598 0
-597 -599 0
-598 -599 0
601 602 603 604 605 606 607 608 609 0
-601 -602 0
-601 -603 0
-601 -604 0
-601 -605 0
-601 -606 0
-601 -607 0
-601 -608 0
-601 -609 0
-602 -603 0
-602 -604 0
-602 -605 0
-602 -606 0
-602 -607 0
-602 -608 0
-602 -609 0
-603 -604 0
-603 -605 0
-603 -606 0
-603 -607 0
-603 -608 0
-603 -609 0
-604 -605 0
-604 -606 0
-604 -607 0
-604 -608 0
-604 -609 0
-605 -606 0
-605 -607 0
-605 -608 0
-605 -609 0
-606 -607 0
-606 -608 0
-606 -609 0
-607 -608 0
-607 -609 0
-608 -609 0
611 612 613 614 615 616 617 618 619 0
-611 -612 0
-611 -613 0
-611 -614 0
-611 -615 0
-611 -616 0
-611 -617 0
-611 -618 0
-611 -619 0
-612 -613 0
-612 -614 0
-612 -615 0
-612 -616 0
-612 -617 0
-612 -618 0
-612 -619 0
-613 -614 0
-613 -615 0
-613 -616 0
-613 -617 0
-613 -618 0
-613 -619 0
-614 -615 0
-614 -616 0
-614 -617 0
-614 -618 0
-614 -619 0
-615 -616 0
-615 -617 0
-615 -618 0
-615 -619 0
-616 -617 0
-616 -618 0
-616 -619 0
-617 -618 0
-617 -619 0
-618 -619 0
791 792 793 794 795 796 797 798 799 0
-791 -792 0
-791 -793 0
-791 -794 0
-791 -795 0
-791 -796 0
-791 -797 0
-791 -798 0
-791 -799 0
-792 -793 0
-792 -794 0
-792 -795 0
-792 -796 0
-792 -797 0
-792 -798 0
-792 -799 0
-793 -794 0
-793 -795 0
-793 -796 0
-793 -797 0
-793 -798 0
-793 -799 0
-794 -795 0
-794 -796 0
-794 -797 0
-794 -798 0
-794 -799 0
-795 -796 0
-795 -797 0
-795 -798 0
-795 -799 0
-796 -797 0
-796 -798 0
-796 -799 0
-797 -798 0
-797 -799 0
-798 -799 0
801 802 803 804 805 806 807 808 809 0
-801 -802 0
-801 -803 0
-801 -804 0
-801 -805 0
-801 -806 0
-801 -807 0
-801 -808 0
-801 -809 0
-802 -803 0
-802 -804 0
-802 -805 0
-802 -806 0
-802 -807 0
-802 -808 0
-802 -809 0
-803 -804 0
-803 -805 0
-803 -806 0
-803 -807 0
-803 -808 0
-803 -809 0
-804 -805 0
-804 -806 0
-804 -807 0
-804 -808 0
-804 -809 0
-805 -806 0
-805 -807 0
-805 -808 0
-805 -809 0
-806 -807 0
-806 -808 0
-806 -809 0
-807 -808 0
-807 -809 0
-808 -809 0
811 812 813 814 815 816 817 818 819 0
-811 -812 0
-811 -813 0
-811 -814 0
-811 -815 0
-811 -816 0
-811 -817 0
-811 -818 0
-811 -819 0
-812 -813 0
-812 -814 0
-812 -815 0
-812 -816 0
-812 -817 0
-812 -818 0
-812 -819 0
-813 -814 0
-813 -815 0
-813 -816 0
-813 -817 0
-813 -818 0
-813 -819 0
-814 -815 0
-814 -816 0
-814 -817 0
-814 -818 0
-814 -819 0
-815 -816 0
-815 -817 0
-815 -818 0
-815 -819 0
-816 -817 0
-816 -818 0
-816 -819 0
-817 -818 0
-817 -819 0
-818 -819 0
551 552 553 554 555 556 557 558 559 0
-551 -552 0
-551 -553 0
-551 -554 0
-551 -555 0
-551 -556 0
-551 -557 0
-551 -558 0
-551 -559 0
-552 -553 0
-552 -554 0
-552 -555 0
-552 -556 0
-552 -557 0
-552 -558 0
-552 -559 0
-553 -554 0
-553 -555 0
-553 -556 0
-553 -557 0
-553 -558 0
-553 -559 0
-554 -555 0
-554 -556 0
-554 -557 0
-554 -558 0
-554 -559 0
-555 -556 0
-555 -557 0
-555 -558 0
-555 -559 0
-556 -557 0
-556 -558 0
-556 -559 0
-557 -558 0
-557 -559 0
-558 -559 0
641 642 643 644 645 646 647 648 649 0
-641 -642 0
-641 -643 0
-641 -644 0
-641 -645 0
-641 -646 0
-641 -647 0
-641 -648 0
-641 -649 0
-642 -643 0
-642 -644 0
-642 -645 0
-642 -646 0
-642 -647 0
-642 -648 0
-642 -649 0
-643 -644 0
-643 -645 0
-643 -646 0
-643 -647 0
-643 -648 0
-643 -649 0
-644 -645 0
-644 -646 0
-644 -647 0
-644 -648 0
-644 -649 0
-645 -646 0
-645 -647 0
-645 -648 0
-645 -649 0
-646 -647 0
-646 -648 0
-646 -649 0
-647 -648 0
-647 -649 0
-648 -649 0
731 732 733 734 735 736 737 738 739 0
-731 -732 0
-731 -733 0
-731 -734 0
-731 -735 0
-731 -736 0
-731 -737 0
-731 -738 0
-731 -739 0
-732 -733 0
-732 -734 0
-732 -735 0
-732 -736 0
-732 -737 0
-732 -738 0
-732 -739 0
-733 -734 0
-733 -735 0
-733 -736 0
-733 -737 0
-733 -738 0
-733 -739 0
-734 -735 0
-734 -736 0
-734 -737 0
-734 -738 0
-734 -739 0
-735 -736 0
-735 -737 0
-735 -738 0
-735 -739 0
-736 -737 0
-736 -738 0
-736 -739 0
-737 -738 0
-737 -739 0
-738 -739 0
31 32 33 34 35 36 37 38 39 0
-31 -32 0
-31 -33 0
-31 -34 0
-31 -35 0
-31 -36 0
-31 -37 0
-31 -38 0
-31 -39 0
-32 -33 0
-32 -34 0
-32 -35 0
-32 -36 0
-32 -37 0
-32 -38 0
-32 -39 0
-33 -34 0
-33 -35 0
-33 -36 0
-33 -37 0
-33 -38 0
-33 -39 0
-34 -35 0
-34 -36 0
-34 -37 0
-34 -38 0
-34 -39 0
-35 -36 0
-35 -37 0
-35 -38 0
-35 -39 0
-36 -37 0
-36 -38 0
-36 -39 0
-37 -38 0
-37 -39 0
-38 -39 0
121 122 123 124 125 126 127 128 129 0
-121 -122 0
-121 -123 0
-121 -124 0
-121 -125 0
-121 -126 0
-121 -127 0
-121 -128 0
-121 -129 0
-122 -123 0
-122 -124 0
-122 -125 0
-122 -126 0
-122 -127 0
-122 -128 0
-122 -129 0
-123 -124 0
-123 -125 0
-123 -126 0
-123 -127 0
-123 -128 0
-123 -129 0
-124 -125 0
-124 -126 0
-124 -127 0
-124 -128 0
-124 -129 0
-125 -126 0
-125 -127 0
-125 -128 0
-125 -129 0
-126 -127 0
-126 -128 0
-126 -129 0
-127 -128 0
-127 -129 0
-128 -129 0
211 212 213 214 215 216 217 218 219 0
-211 -212 0
-211 -213 0
-211 -214 0
-211 -215 0
-211 -216 0
-211 -217 0
-211 -218 0
-211 -219 0
-212 -213 0
-212 -214 0
-212 -215 0
-212 -216 0
-212 -217 0
-212 -218 0
-212 -219 0
-213 -214 0
-213 -215 0
-213 -216 0
-213 -217 0
-213 -218 0
-213 -219 0
-214 -215 0
-214 -216 0
-214 -217 0
-214 -218 0
-214 -219 0
-215 -216 0
-215 -217 0
-215 -218 0
-215 -219 0
-216 -217 0
-216 -218 0
-216 -219 0
-217 -218 0
-217 -219 0
-218 -219 0
61 62 63 64 65 66 67 68 69 0
-61 -62 0
-61 -63 0
-61 -64 0
-61 -65 0
-61 -66 0
-61 -67 0
-61 -68 0
-61 -69 0
-62 -63 0
-62 -64 0
-62 -65 0
-62 -66 0
-62 -67 0
-62 -68 0
-62 -69 0
-63 -64 0
-63 -65 0
-63 -66 0
-63 -67 0
-63 -68 0
-63 -69 0
-64 -65 0
-64 -66 0
-64 -67 0
-64 -68 0
-64 -69 0
-65 -66 0
-65 -67 0
-65 -68 0
-65 -69 0
-66 -67 0
-66 -68 0
-66 -69 0
-67 -68 0
-67 -69 0
-68 -69 0
151 152 153 154 155 156 157 158 159 0
-151 -152 0
-151 -153 0
-151 -154 0
-151 -155 0
-151 -156 0
-151 -157 0
-151 -158 0
-151 -159 0
-152 -153 0
-152 -154 0
-152 -155 0
-152 -156 0
-152 -157 0
-152 -158 0
-152 -159 0
-153 -154 0
-153 -155 0
-153 -156 0
-153 -157 0
-153 -158 0
-153 -159 0
-154 -155 0
-154 -156 0
-154 -157 0
-154 -158 0
-154 -159 0
-155 -156 0
-155 -157 0
-155 -158 0
-155 -159 0
-156 -157 0
-156 -158 0
-156 -159 0
-157 -158 0
-157 -159 0
-158 -159 0
241 242 243 244 245 246 247 248 249 0
-241 -242 0
-241 -243 0
-241 -244 0
-241 -245 0
-241 -246 0
-241 -247 0
-241 -248 0
-241 -249 0
-242 -243 0
-242 -244 0
-242 -245 0
-242 -246 0
-242 -247 0
-242 -248 0
-242 -249 0
-243 -244 0
-243 -245 0
-243 -246 0
-243 -247 0
-243 -248 0
-243 -249 0
-244 -245 0
-244 -246 0
-244 -247 0
-244 -248 0
-244 -249 0
-245 -246 0
-245 -247 0
-245 -248 0
-245 -249 0
-246 -247 0
-246 -248 0
-246 -249 0
-247 -248 0
-247 -249 0
-248 -249 0
-191 209 0
-191 219 0
-192 203 0
-192 213 0
-198 208 0
-198 218 0
-195 207 0
-195 219 0
-197 208 0
-197 211 0
-193 201 0
-193 215 0
191 192 198 196 199 195 197 199 196 193 0
209 203 208 207 201 207 208 207 208 201 0
219 213 218 219 214 219 211 212 219 215 0
-341 359 0
-341 369 0
-342 353 0
-342 363 0
-348 358 0
-348 368 0
-345 357 0
-345 369 0
-347 358 0
-347 361 0
-343 351 0
-343 365 0
341 342 348 346 349 345 347 349 346 343 0
359 353 358 357 351 357 358 357 358 351 0
369 363 368 369 364 369 361 362 369 365 0
-371 389 0
-371 399 0
-372 383 0
-372 393 0
-378 388 0
-378 398 0
-375 387 0
-375 399 0
-377 388 0
-377 391 0
-373 381 0
-373 395 0
371 372 378 376 379 375 377 379 376 373 0
389 383 388 387 381 387 388 387 388 381 0
399 393 398 399 394 399 391 392 399 395 0
-521 539 0
-521 549 0
-522 533 0
-522 543 0
-528 538 0
-528 548 0
-525 537 0
-525 549 0
-527 538 0
-527 541 0
-523 531 0
-523 545 0
521 522 528 526 529 525 527 529 526 523 0
539 533 538 537 531 537 538 537 538 531 0
549 543 548 549 544 549 541 542 549 545 0
-551 569 0
-551 579 0
-552 563 0
-552 573 0
-558 568 0
-558 578 0
-555 567 0
-555 579 0
-557 568 0
-557 571 0
-553 561 0
-553 575 0
551 552 558 556 559 555 557 559 556 553 0
569 563 568 567 561 567 568 567 568 561 0
579 573 578 579 574 579 571 572 579 575 0
-591 609 0
-591 619 0
-592 603 0
-592 613 0
-598 608 0
-598 618 0
-595 607 0
-595 619 0
-597 608 0
-597 611 0
-593 601 0
-593 615 0
591 592 598 596 599 595 597 599 596 593 0
609 603 608 607 601 607 608 607 608 601 0
619 613 618 619 614 619 611 612 619 615 0
-791 809 0
-791 819 0
-792 803 0
-792 813 0
-798 808 0
-798 818 0
-795 807 0
-795 819 0
-797 808 0
-797 811 0
-793 801 0
-793 815 0
791 792 798 796 799 795 797 799 796 793 0
809 803 808 807 801 807 808 807 808 801 0
819 813 818 819 814 819 811 812 819 815 0
-551 649 0
-551 739 0
-552 643 0
-552 733 0
-558 648 0
-558 738 0
-555 647 0
-555 739 0
-557 648 0
-557 731 0
-553 641 0
-553 735 0
551 552 558 556 559 555 557 559 556 553 0
649 643 648 647 641 647 648 647 648 641 0
739 733 738 739 734 739 731 732 739 735 0
-31 129 0
-31 219 0
-32 123 0
-32 213 0
-38 128 0
-38 218 0
-35 127 0
-35 219 0
-37 128 0
-37 211 0
-33 121 0
-33 215 0
31 32 38 36 39 35 37 39 36 33 0
129 123 128 127 121 127 128 127 128 121 0
219 213 218 219 214 219 211 212 219 215 0
-61 159 0
-61 249 0
-62 153 0
-62 243 0
-68 158 0
-68 248 0
-65 157 0
-65 249 0
-67 158 0
-67 241 0
-63 151 0
-63 245 0
61 62 68 66 69 65 67 69 66 63 0
159 153 158 157 151 157 158 157 158 151 0
249 243 248 249 244 249 241 242 249 245 0
-196 207 208 0
-196 219 0
-199 201 207 0
-199 214 212 0
-346 357 358 0
-346 369 0
-349 351 357 0
-349 364 362 0
-376 387 388 0
-376 399 0
-379 381 387 0
-379 394 392 0
-526 537 538 0
-526 549 0
-529 531 537 0
-529 544 542 0
-556 567 568 0
-556 579 0
-559 561 567 0
-559 574 572 0
-596 607 608 0
-596 619 0
-599 601 607 0
-599 614 612 0
-796 807 808 0
-796 819 0
-799 801 807 0
-799 814 812 0
-556 647 648 0
-556 739 0
-559 641 647 0
-559 734 732 0
-36 127 128 0
-36 219 0
-39 121 127 0
-39 214 212 0
-66 157 158 0
-66 249 0
-69 151 157 0
-69 244 242 0
-191 -209 -219 -341 -359 -369 0
-191 -209 -219 -371 -389 -399 0
-191 -209 -219 -521 -539 -549 0
-191 -209 -219 -551 -569 -579 0
-191 -209 -219 -591 -609 -619 0
-191 -209 -219 -791 -809 -819 0
-191 -209 -219 -551 -649 -739 0
-191 -209 -219 -31 -129 -219 0
-191 -209 -219 -61 -159 -249 0
-341 -359 -369 -371 -389 -399 0
-341 -359 -369 -521 -539 -549 0
-341 -359 -369 -551 -569 -579 0
-341 -359 -369 -591 -609 -619 0
-341 -359 -369 -791 -809 -819 0
-341 -359 -369 -551 -649 -739 0
-341 -359 -369 -31 -129 -219 0
-341 -359 -369 -61 -159 -249 0
-371 -389 -399 -521 -539 -549 0
-371 -389 -399 -551 -569 -579 0
-371 -389 -399 -591 -609 -619 0
-371 -389 -399 -791 -809 -819 0
-371 -389 -399 -551 -649 -739 0
-371 -389 -399 -31 -129 -219 0
-371 -389 -399 -61 -159 -249 0
-521 -539 -549 -551 -569 -579 0
-521 -539 -549 -591 -609 -619 0
-521 -539 -549 -791 -809 -819 0
-521 -539 -549 -551 -649 -739 0
-521 -539 -549 -31 -129 -219 0
-521 -539 -549 -61 -159 -249 0
-551 -569 -579 -591 -609 -619 0
-551 -569 -579 -791 -809 -819 0
-551 -569 -579 -551 -649 -739 0
-551 -569 -579 -31 -129 -219 0
-551 -569 -579 -61 -159 -249 0
-591 -609 -619 -791 -809 -819 0
-591 -609 -619 -551 -649 -739 0
-591 -609 -619 -31 -129 -219 0
-591 -609 -619 -61 -159 -249 0
-791 -809 -819 -551 -649 -739 0
-791 -809 -819 -31 -129 -219 0
-791 -809 -819 -61 -159 -249 0
-551 -649 -739 -31 -129 -219 0
-551 -649 -739 -61 -159 -249 0
-31 -129 -219 -61 -159 -249 0
-192 -203 -213 -342 -353 -363 0
-192 -203 -213 -372 -383 -393 0
-192 -203 -213 -522 -533 -543 0
-192 -203 -213 -552 -563 -573 0
-192 -203 -213 -592 -603 -613 0
-192 -203 -213 -792 -803 -813 0
-192 -203 -213 -552 -643 -733 0
-192 -203 -213 -32 -123 -213 0
-192 -203 -213 -62 -153 -243 0
-342 -353 -363 -372 -383 -393 0
-342 -353 -363 -522 -533 -543 0
-342 -353 -363 -552 -563 -573 0
-342 -353 -363 -592 -603 -613 0
-342 -353 -363 -792 -803 -813 0
-342 -353 -363 -552 -643 -733 0
-342 -353 -363 -32 -123 -213 0
-342 -353 -363 -62 -153 -243 0
-372 -383 -393 -522 -533 -543 0
-372 -383 -393 -552 -563 -573 0
-372 -383 -393 -592 -603 -613 0
-372 -383 -393 -792 -803 -813 0
-372 -383 -393 -552 -643 -733 0
-372 -383 -393 -32 -123 -213 0
-372 -383 -393 -62 -153 -243 0
-522 -533 -543 -552 -563 -573 0
-522 -533 -543 -592 -603 -613 0
-522 -533 -543 -792 -803 -813 0
-522 -533 -543 -552 -643 -733 0
-522 -533 -543 -32 -123 -213 0
-522 -533 -543 -62 -153 -243 0
-552 -563 -573 -592 -603 -613 0
-552 -563 -573 -792 -803 -813 0
-552 -563 -573 -552 -643 -733 0
-552 -563 -573 -32 -123 -213 0
-552 -563 -573 -62 -153 -243 0
-592 -603 -613 -792 -803 -813 0
-592 -603 -613 -552 -643 -733 0
-592 -603 -613 -32 -123 -213 0
-592 -603 -613 -62 -153 -243 0
-792 -803 -813 -552 -643 -733 0
-792 -803 -813 -32 -123 -213 0
-792 -803 -813 -62 -153 -243 0
-552 -643 -733 -32 -123 -213 0
-552 -643 -733 -62 -153 -243 0
-32 -123 -213 -62 -153 -243 0
-198 -208 -218 -348 -358 -368 0
-198 -208 -218 -378 -388 -398 0
-198 -208 -218 -528 -538 -548 0
-198 -208 -218 -558 -568 -578 0
-198 -208 -218 -598 -608 -618 0
-198 -208 -218 -798 -808 -818 0
-198 -208 -218 -558 -648 -738 0
-198 -208 -218 -38 -128 -218 0
-198 -208 -218 -68 -158 -248 0
-348 -358 -368 -378 -388 -398 0
-348 -358 -368 -528 -538 -548 0
-348 -358 -368 -558 -568 -578 0
-348 -358 -368 -598 -608 -618 0
-348 -358 -368 -798 -808 -818 0
-348 -358 -368 -558 -648 -738 0
-348 -358 -368 -38 -128 -218 0
-348 -358 -368 -68 -158 -248 0
-378 -388 -398 -528 -538 -548 0
-378 -388 -398 -558 -568 -578 0
-378 -388 -398 -598 -608 -618 0
-378 -388 -398 -798 -808 -818 0
-378 -388 -398 -558 -648 -738 0
-378 -388 -398 -38 -128 -218 0
-378 -388 -398 -68 -158 -248 0
-528 -538 -548 -558 -568 -578 0
-528 -538 -548 -598 -608 -618 0
-528 -538 -548 -798 -808 -818 0
-528 -538 -548 -558 -648 -738 0
-528 -538 -548 -38 -128 -218 0
-528 -538 -548 -68 -158 -248 0
-558 -568 -578 -598 -608 -618 0
-558 -568 -578 -798 -808 -818 0
-558 -568 -578 -558 -648 -738 0
-558 -568 -578 -38 -128 -218 0
-558 -568 -578 -68 -158 -248 0
-598 -608 -618 -798 -808 -818 0
-598 -608 -618 -558 -648 -738 0
-598 -608 -618 -38 -128 -218 0
-598 -608 -618 -68 -158 -248 0
-798 -808 -818 -558 -648 -738 0
-798 -808 -818 -38 -128 -218 0
-798 -808 -818 -68 -158 -248 0
-558 -648 -738 -38 -128 -218 0
-558 -648 -738 -68 -158 -248 0
-38 -128 -218 -68 -158 -248 0
-196 -207 -219 -346 -357 -369 0
-196 -207 -219 -376 -387 -399 0
-196 -207 -219 -526 -537 -549 0
-196 -207 -219 -556 -567 -579 0
-196 -207 -219 -596 -607 -619 0
-196 -207 -219 -796 -807 -819 0
-196 -207 -219 -556 -647 -739 0
-196 -207 -219 -36 -127 -219 0
-196 -207 -219 -66 -157 -249 0
-346 -357 -369 -376 -387 -399 0
-346 -357 -369 -526 -537 -549 0
-346 -357 -369 -556 -567 -579 0
-346 -357 -369 -596 -607 -619 0
-346 -357 -369 -796 -807 -819 0
-346 -357 -369 -556 -647 -739 0
-346 -357 -369 -36 -127 -219 0
-346 -357 -369 -66 -157 -249 0
-376 -387 -399 -526 -537 -549 0
-376 -387 -399 -556 -567 -579 0
-376 -387 -399 -596 -607 -619 0
-376 -387 -399 -796 -807 -819 0
-376 -387 -399 -556 -647 -739 0
-376 -387 -399 -36 -127 -219 0
-376 -387 -399 -66 -157 -249 0
-526 -537 -549 -556 -567 -579 0
-526 -537 -549 -596 -607 -619 0
-526 -537 -549 -796 -807 -819 0
-526 -537 -549 -556 -647 -739 0
-526 -537 -549 -36 -127 -219 0
-526 -537 -549 -66 -157 -249 0
-556 -567 -579 -596 -607 -619 0
-556 -567 -579 -796 -807 -819 0
-556 -567 -579 -556 -647 -739 0
-556 -567 -579 -36 -127 -219 0
-556 -567 -579 -66 -157 -249 0
-596 -607 -619 -796 -807 -819 0
-596 -607 -619 -556 -647 -739 0
-596 -607 -619 -36 -127 -219 0
-596 -607 -619 -66 -157 -249 0
-796 -807 -819 -556 -647 -739 0
-796 -807 -819 -36 -127 -219 0
-796 -807 -819 -66 -157 -249 0
-556 -647 -739 -36 -127 -219 0
-556 -647 -739 -66 -157 -249 0
-36 -127 -219 -66 -157 -249 0
-199 -201 -214 -349 -351 -364 0
-199 -201 -214 -379 -381 -394 0
-199 -201 -214 -529 -531 -544 0
-199 -201 -214 -559 -561 -574 0
-199 -201 -214 -599 -601 -614 0
-199 -201 -214 -799 -801 -814 0
-199 -201 -214 -559 -641 -734 0
-199 -201 -214 -39 -121 -214 0
-199 -201 -214 -69 -151 -244 0
-349 -351 -364 -379 -381 -394 0
-349 -351 -364 -529 -531 -544 0
-349 -351 -364 -559 -561 -574 0
-349 -351 -364 -599 -601 -614 0
-349 -351 -364 -799 -801 -814 0
-349 -351 -364 -559 -641 -734 0
-349 -351 -364 -39 -121 -214 0
-349 -351 -364 -69 -151 -244 0
-379 -381 -394 -529 -531 -544 0
-379 -381 -394 -559 -561 -574 0
-379 -381 -394 -599 -601 -614 0
-379 -381 -394 -799 -801 -814 0
-379 -381 -394 -559 -641 -734 0
-379 -381 -394 -39 -121 -214 0
-379 -381 -394 -69 -151 -244 0
-529 -531 -544 -559 -561 -574 0
-529 -531 -544 -599 -601 -614 0
-529 -531 -544 -799 -801 -814 0
-529 -531 -544 -559 -641 -734 0
-529 -531 -544 -39 -121 -214 0
-529 -531 -544 -69 -151 -244 0
-559 -561 -574 -599 -601 -614 0
-559 -561 -574 -799 -801 -814 0
-559 -561 -574 -559 -641 -734 0
-559 -561 -574 -39 -121 -214 0
-559 -561 -574 -69 -151 -244 0
-599 -601 -614 -799 -801 -814 0
-599 -601 -614 -559 -641 -734 0
-599 -601 -614 -39 -121 -214 0
-599 -601 -614 -69 -151 -244 0
-799 -801 -814 -559 -641 -734 0
-799 -801 -814 -39 -121 -214 0
-799 -801 -814 -69 -151 -244 0
-559 -641 -734 -39 -121 -214 0
-559 -641 -734 -69 -151 -244 0
-39 -121 -214 -69 -151 -244 0
-195 -207 -219 -345 -357 -369 0
-195 -207 -219 -375 -387 -399 0
-195 -207 -219 -525 -537 -549 0
-195 -207 -219 -555 -567 -579 0
-195 -207 -219 -595 -607 -619 0
-195 -207 -219 -795 -807 -819 0
-195 -207 -219 -555 -647 -739 0
-195 -207 -219 -35 -127 -219 0
-195 -207 -219 -65 -157 -249 0
-345 -357 -369 -375 -387 -399 0
-345 -357 -369 -525 -537 -549 0
-345 -357 -369 -555 -567 -579 0
-345 -357 -369 -595 -607 -619 0
-345 -357 -369 -795 -807 -819 0
-345 -357 -369 -555 -647 -739 0
-345 -357 -369 -35 -127 -219 0
-345 -357 -369 -65 -157 -249 0
-375 -387 -399 -525 -537 -549 0
-375 -387 -399 -555 -567 -579 0
-375 -387 -399 -595 -607 -619 0
-375 -387 -399 -795 -807 -819 0
-375 -387 -399 -555 -647 -739 0
-375 -387 -399 -35 -127 -219 0
-375 -387 -399 -65 -157 -249 0
-525 -537 -549 -555 -567 -579 0
-525 -537 -549 -595 -607 -619 0
-525 -537 -549 -795 -807 -819 0
-525 -537 -549 -555 -647 -739 0
-525 -537 -549 -35 -127 -219 0
-525 -537 -549 -65 -157 -249 0
-555 -567 -579 -595 -607 -619 0
-555 -567 -579 -795 -807 -819 0
-555 -567 -579 -555 -647 -739 0
-555 -567 -579 -35 -127 -219 0
-555 -567 -579 -65 -157 -249 0
-595 -607 -619 -795 -807 -819 0
-595 -607 -619 -555 -647 -739 0
-595 -607 -619 -35 -127 -219 0
-595 -607 -619 -65 -157 -249 0
-795 -807 -819 -555 -647 -739 0
-795 -807 -819 -35 -127 -219 0
-795 -807 -819 -65 -157 -249 0
-555 -647 -739 -35 -127 -219 0
-555 -647 -739 -65 -157 -249 0
-35 -127 -219 -65 -157 -249 0
-197 -208 -211 -347 -358 -361 0
-197 -208 -211 -377 -388 -391 0
-197 -208 -211 -527 -538 -541 0
-197 -208 -211 -557 -568 -571 0
-197 -208 -211 -597 -608 -611 0
-197 -208 -211 -797 -808 -811 0
-197 -208 -211 -557 -648 -731 0
-197 -208 -211 -37 -128 -211 0
-197 -208 -211 -67 -158 -241 0
-347 -358 -361 -377 -388 -391 0
-347 -358 -361 -527 -538 -541 0
-347 -358 -361 -557 -568 -571 0
-347 -358 -361 -597 -608 -611 0
-347 -358 -361 -797 -808 -811 0
-347 -358 -361 -557 -648 -731 0
-347 -358 -361 -37 -128 -211 0
-347 -358 -361 -67 -158 -241 0
-377 -388 -391 -527 -538 -541 0
-377 -388 -391 -557 -568 -571 0
-377 -388 -391 -597 -608 -611 0
-377 -388 -391 -797 -808 -811 0
-377 -388 -391 -557 -648 -731 0
-377 -388 -391 -37 -128 -211 0
-377 -388 -391 -67 -158 -241 0
-527 -538 -541 -557 -568 -571 0
-527 -538 -541 -597 -608 -611 0
-527 -538 -541 -797 -808 -811 0
-527 -538 -541 -557 -648 -731 0
-527 -538 -541 -37 -128 -211 0
-527 -538 -541 -67 -158 -241 0
-557 -568 -571 -597 -608 -611 0
-557 -568 -571 -797 -808 -811 0
-557 -568 -571 -557 -648 -731 0
-557 -568 -571 -37 -128 -211 0
-557 -568 -571 -67 -158 -241 0
-597 -608 -611 -797 -808 -811 0
-597 -608 -611 -557 -648 -731 0
-597 -608 -611 -37 -128 -211 0
-597 -608 -611 -67 -158 -241 0
-797 -808 -811 -557 -648 -731 0
-797 -808 -811 -37 -128 -211 0
-797 -808 -811 -67 -158 -241 0
-557 -648 -731 -37 -128 -211 0
-557 -648 -731 -67 -158 -241 0
-37 -128 -211 -67 -158 -241 0
-199 -207 -212 -349 -357 -362 0
-199 -207 -212 -379 -387 -392 0
-199 -207 -212 -529 -537 -542 0
-199 -207 -212 -559 -567 -572 0
-199 -207 -212 -599 -607 -612 0
-199 -207 -212 -799 -807 -812 0
-199 -207 -212 -559 -647 -732 0
-199 -207 -212 -39 -127 -212 0
-199 -207 -212 -69 -157 -242 0
-349 -357 -362 -379 -387 -392 0
-349 -357 -362 -529 -537 -542 0
-349 -357 -362 -559 -567 -572 0
-349 -357 -362 -599 -607 -612 0
-349 -357 -362 -799 -807 -812 0
-349 -357 -362 -559 -647 -732 0
-349 -357 -362 -39 -127 -212 0
-349 -357 -362 -69 -157 -242 0
-379 -387 -392 -529 -537 -542 0
-379 -387 -392 -559 -567 -572 0
-379 -387 -392 -599 -607 -612 0
-379 -387 -392 -799 -807 -812 0
-379 -387 -392 -559 -647 -732 0
-379 -387 -392 -39 -127 -212 0
-379 -387 -392 -69 -157 -242 0
-529 -537 -542 -559 -567 -572 0
-529 -537 -542 -599 -607 -612 0
-529 -537 -542 -799 -807 -812 0
-529 -537 -542 -559 -647 -732 0
-529 -537 -542 -39 -127 -212 0
-529 -537 -542 -69 -157 -242 0
-559 -567 -572 -599 -607 -612 0
-559 -567 -572 -799 -807 -812 0
-559 -567 -572 -559 -647 -732 0
-559 -567 -572 -39 -127 -212 0
-559 -567 -572 -69 -157 -242 0
-599 -607 -612 -799 -807 -812 0
-599 -607 -612 -559 -647 -732 0
-599 -607 -612 -39 -127 -212 0
-599 -607 -612 -69 -157 -242 0
-799 -807 -812 -559 -647 -732 0
-799 -807 -812 -39 -127 -212 0
-799 -807 -812 -69 -157 -242 0
-559 -647 -732 -39 -127 -212 0
-559 -647 -732 -69 -157 -242 0
-39 -127 -212 -69 -157 -242 0
-196 -208 -219 -346 -358 -369 0
-196 -208 -219 -376 -388 -399 0
-196 -208 -219 -526 -538 -549 0
-196 -208 -219 -556 -568 -579 0
-196 -208 -219 -596 -608 -619 0
-196 -208 -219 -796 -808 -819 0
-196 -208 -219 -556 -648 -739 0
-196 -208 -219 -36 -128 -219 0
-196 -208 -219 -66 -158 -249 0
-346 -358 -369 -376 -388 -399 0
-346 -358 -369 -526 -538 -549 0
-346 -358 -369 -556 -568 -579 0
-346 -358 -369 -596 -608 -619 0
-346 -358 -369 -796 -808 -819 0
-346 -358 -369 -556 -648 -739 0
-346 -358 -369 -36 -128 -219 0
-346 -358 -369 -66 -158 -249 0
-376 -388 -399 -526 -538 -549 0
-376 -388 -399 -556 -568 -579 0
-376 -388 -399 -596 -608 -619 0
-376 -388 -399 -796 -808 -819 0
-376 -388 -399 -556 -648 -739 0
-376 -388 -399 -36 -128 -219 0
-376 -388 -399 -66 -158 -249 0
-526 -538 -549 -556 -568 -579 0
-526 -538 -549 -596 -608 -619 0
-526 -538 -549 -796 -808 -819 0
-526 -538 -549 -556 -648 -739 0
-526 -538 -549 -36 -128 -219 0
-526 -538 -549 -66 -158 -249 0
-556 -568 -579 -596 -608 -619 0
-556 -568 -579 -796 -808 -819 0
-556 -568 -579 -556 -648 -739 0
-556 -568 -579 -36 -128 -219 0
-556 -568 -579 -66 -158 -249 0
-596 -608 -619 -796 -808 -819 0
-596 -608 -619 -556 -648 -739 0
-596 -608 -619 -36 -128 -219 0
-596 -608 -619 -66 -158 -249 0
-796 -808 -819 -556 -648 -739 0
-796 -808 -819 -36 -128 -219 0
-796 -808 -819 -66 -158 -249 0
-556 -648 -739 -36 -128 -219 0
-556 -648 -739 -66 -158 -249 0
-36 -128 -219 -66 -158 -249 0
-193 -201 -215 -343 -351 -365 0
-193 -201 -215 -373 -381 -395 0
-193 -201 -215 -523 -531 -545 0
-193 -201 -215 -553 -561 -575 0
-193 -201 -215 -593 -601 -615 0
-193 -201 -215 -793 -801 -815 0
-193 -201 -215 -553 -641 -735 0
-193 -201 -215 -33 -121 -215 0
-193 -201 -215 -63 -151 -245 0
-343 -351 -365 -373 -381 -395 0
-343 -351 -365 -523 -531 -545 0
-343 -351 -365 -553 -561 -575 0
-343 -351 -365 -593 -601 -615 0
-343 -351 -365 -793 -801 -815 0
-343 -351 -365 -553 -641 -735 0
-343 -351 -365 -33 -121 -215 0
-343 -351 -365 -63 -151 -245 0
-373 -381 -395 -523 -531 -545 0
-373 -381 -395 -553 -561 -575 0
-373 -381 -395 -593 -601 -615 0
-373 -381 -395 -793 -801 -815 0
-373 -381 -395 -553 -641 -735 0
-373 -381 -395 -33 -121 -215 0
-373 -381 -395 -63 -151 -245 0
-523 -531 -545 -553 -561 -575 0
-523 -531 -545 -593 -601 -615 0
-523 -531 -545 -793 -801 -815 0
-523 -531 -545 -553 -641 -735 0
-523 -531 -545 -33 -121 -215 0
-523 -531 -545 -63 -151 -245 0
-553 -561 -575 -593 -601 -615 0
-553 -561 -575 -793 -801 -815 0
-553 -561 -575 -553 -641 -735 0
-553 -561 -575 -33 -121 -215 0
-553 -561 -575 -63 -151 -245 0
-593 -601 -615 -793 -801 -815 0
-593 -601 -615 -553 -641 -735 0
-593 -601 -615 -33 -121 -215 0
-593 -601 -615 -63 -151 -245 0
-793 -801 -815 -553 -641 -735 0
-793 -801 -815 -33 -121 -215 0
-793 -801 -815 -63 -151 -245 0
-553 -641 -735 -33 -121 -215 0
-553 -641 -735 -63 -151 -245 0
-33 -121 -215 -63 -151 -245 0
11 12 13 14 15 16 17 18 19 0
21 22 23 24 25 26 27 28 29 0
31 32 33 34 35 36 37 38 39 0
41 42 43 44 45 46 47 48 49 0
61 62 63 64 65 66 67 68 69 0
71 72 73 74 75 76 77 78 79 0
81 82 83 84 85 86 87 88 89 0
91 92 93 94 95 96 97 98 99 0
121 122 123 124 125 126 127 128 129 0
131 132 133 134 135 136 137 138 139 0
141 142 143 144 145 146 147 148 149 0
151 152 153 154 155 156 157 158 159 0
231 232 233 234 235 236 237 238 239 0
241 242 243 244 245 246 247 248 249 0
251 252 253 254 255 256 257 258 259 0
261 262 263 264 265 266 267 268 269 0
471 472 473 474 475 476 477 478 479 0
481 482 483 484 485 486 487 488 489 0
491 492 493 494 495 496 497 498 499 0
501 502 503 504 505 506 507 508 509 0
661 662 663 664 665 666 667 668 669 0
671 672 673 674 675 676 677 678 679 0
681 682 683 684 685 686 687 688 689 0
691 692 693 694 695 696 697 698 699 0
11 12 13 14 15 16 17 18 0
-11 -12 0
-11 -13 0
-11 -14 0
-11 -15 0
-11 -16 0
-11 -17 0
-11 -18 0
-12 -13 0
-12 -14 0
-12 -15 0
-12 -16 0
-12 -17 0
-12 -18 0
-13 -14 0
-13 -15 0
-13 -16 0
-13 -17 0
-13 -18 0
-14 -15 0
-14 -16 0
-14 -17 0
-14 -18 0
-15 -16 0
-15 -17 0
-15 -18 0
-16 -17 0
-16 -18 0
-17 -18 0
-19 0
21 22 23 24 25 26 27 28 0
-21 -22 0
-21 -23 0
-21 -24 0
-21 -25 0
-21 -26 0
-21 -27 0
-21 -28 0
-22 -23 0
-22 -24 0
-22 -25 0
-22 -26 0
-22 -27 0
-22 -28 0
-23 -24 0
-23 -25 0
-23 -26 0
-23 -27 0
-23 -28 0
-24 -25 0
-24 -26 0
-24 -27 0
-24 -28 0
-25 -26 0
-25 -27 0
-25 -28 0
-26 -27 0
-26 -28 0
-27 -28 0
-29 0
31 32 33 34 35 36 37 38 0
-31 -32 0
-31 -33 0
-31 -34 0
-31 -35 0
-31 -36 0
-31 -37 0
-31 -38 0
-32 -33 0
-32 -34 0
-32 -35 0
-32 -36 0
-32 -37 0
-32 -38 0
-33 -34 0
-33 -35 0
-33 -36 0
-33 -37 0
-33 -38 0
-34 -35 0
-34 -36 0
-34 -37 0
-34 -38 0
-35 -36 0
-35 -37 0
-35 -38 0
-36 -37 0
-36 -38 0
-37 -38 0
-39 0
41 42 43 44 45 46 47 48 0
-41 -42 0
-41 -43 0
-41 -44 0
-41 -45 0
-41 -46 0
-41 -47 0
-41 -48 0
-42 -43 0
-42 -44 0
-42 -45 0
-42 -46 0
-42 -47 0
-42 -48 0
-43 -44 0
-43 -45 0
-43 -46 0
-43 -47 0
-43 -48 0
-44 -45 0
-44 -46 0
-44 -47 0
-44 -48 0
-45 -46 0
-45 -47 0
-45 -48 0
-46 -47 0
-46 -48 0
-47 -48 0
-49 0
61 62 63 64 65 66 67 68 0
-61 -62 0
-61 -63 0
-61 -64 0
-61 -65 0
-61 -66 0
-61 -67 0
-61 -68 0
-62 -63 0
-62 -64 0
-62 -65 0
-62 -66 0
-62 -67 0
-62 -68 0
-63 -64 0
-63 -65 0
-63 -66 0
-63 -67 0
-63 -68 0
-64 -65 0
-64 -66 0
-64 -67 0
-64 -68 0
-65 -66 0
-65 -67 0
-65 -68 0
-66 -67 0
-66 -68 0
-67 -68 0
-69 0
71 72 73 74 75 76 77 78 0
-71 -72 0
-71 -73 0
-71 -74 0
-71 -75 0
-71 -76 0
-71 -77 0
-71 -78 0
-72 -73 0
-72 -74 0
-72 -75 0
-72 -76 0
-72 -77 0
-72 -78 0
-73 -74 0
-73 -75 0
-73 -76 0
-73 -77 0
-73 -78 0
-74 -75 0
-74 -76 0
-74 -77 0
-74 -78 0
-75 -76 0
-75 -77 0
-75 -78 0
-76 -77 0
-76 -78 0
-77 -78 0
-79 0
81 82 83 84 85 86 87 88 0
-81 -82 0
-81 -83 0
-81 -84 0
-81 -85 0
-81 -86 0
-81 -87 0
-81 -88 0
-82 -83 0
-82 -84 0
-82 -85 0
-82 -86 0
-82 -87 0
-82 -88 0
-83 -84 0
-83 -85 0
-83 -86 0
-83 -87 0
-83 -88 0
-84 -85 0
-84 -86 0
-84 -87 0
-84 -88 0
-85 -86 0
-85 -87 0
-85 -88 0
-86 -87 0
-86 -88 0
-87 -88 0
-89 0
91 92 93 94 95 96 97 98 0
-91 -92 0
-91 -93 0
-91 -94 0
-91 -95 0
-91 -96 0
-91 -97 0
-91 -98 0
-92 -93 0
-92 -94 0
-92 -95 0
-92 -96 0
-92 -97 0
-92 -98 0
-93 -94 0
-93 -95 0
-93 -96 0
-93 -97 0
-93 -98 0
-94 -95 0
-94 -96 0
-94 -97 0
-94 -98 0
-95 -96 0
-95 -97 0
-95 -98 0
-96 -97 0
-96 -98 0
-97 -98 0
-99 0
121 122 123 124 125 126 127 128 0
-121 -122 0
-121 -123 0
-121 -124 0
-121 -125 0
-121 -126 0
-121 -127 0
-121 -128 0
-122 -123 0
-122 -124 0
-122 -125 0
-122 -126 0
-122 -127 0
-122 -128 0
-123 -124 0
-123 -125 0
-123 -126 0
-123 -127 0
-123 -128 0
-124 -125 0
-124 -126 0
-124 -127 0
-124 -128 0
-125 -126 0
-125 -127 0
-125 -128 0
-126 -127 0
-126 -128 0
-127 -128 0
-129 0
131 132 133 134 135 136 137 138 0
-131 -132 0
-131 -133 0
-131 -134 0
-131 -135 0
-131 -136 0
-131 -137 0
-131 -138 0
-132 -133 0
-132 -134 0
-132 -135 0
-132 -136 0
-132 -137 0
-132 -138 0
-133 -134 0
-133 -135 0
-133 -136 0
-133 -137 0
-133 -138 0
-134 -135 0
-134 -136 0
-134 -137 0
-134 -138 0
-135 -136 0
-135 -137 0
-135 -138 0
-136 -137 0
-136 -138 0
-137 -138 0
-139 0
141 142 143 144 145 146 147 148 0
-141 -142 0
-141 -143 0
-141 -144 0
-141 -145 0
-141 -146 0
-141 -147 0
-141 -148 0
-142 -143 0
-142 -144 0
-142 -145 0
-142 -146 0
-142 -147 0
-142 -148 0
-143 -144 0
-143 -145 0
-143 -146 0
-143 -147 0
-143 -148 0
-144 -145 0
-144 -146 0
-144 -147 0
-144 -148 0
-145 -146 0
-145 -147 0
-145 -148 0
-146 -147 0
-146 -148 0
-147 -148 0
-149 0
151 152 153 154 155 156 157 158 0
-151 -152 0
-151 -153 0
-151 -154 0
-151 -155 0
-151 -156 0
-151 -157 0
-151 -158 0
-152 -153 0
-152 -154 0
-152 -155 0
-152 -156 0
-152 -157 0
-152 -158 0
-153 -154 0
-153 -155 0
-153 -156 0
-153 -157 0
-153 -158 0
-154 -155 0
-154 -156 0
-154 -157 0
-154 -158 0
-155 -156 0
-155 -157 0
-155 -158 0
-156 -157 0
-156 -158 0
-157 -158 0
-159 0
231 232 233 234 235 236 237 238 0
-231 -232 0
-231 -233 0
-231 -234 0
-231 -235 0
-231 -236 0
-231 -237 0
-231 -238 0
-232 -233 0
-232 -234 0
-232 -235 0
-232 -236 0
-232 -237 0
-232 -238 0
-233 -234 0
-233 -235 0
-233 -236 0
-233 -237 0
-233 -238 0
-234 -235 0
-234 -236 0
-234 -237 0
-234 -238 0
-235 -236 0
-235 -237 0
-235 -238 0
-236 -237 0
-236 -238 0
-237 -238 0
-239 0
241 242 243 244 245 246 247 248 0
-241 -242 0
-241 -243 0
-241 -244 0
-241 -245 0
-241 -246 0
-241 -247 0
-241 -248 0
-242 -243 0
-242 -244 0
-242 -245 0
-242 -246 0
-242 -247 0
-242 -248 0
-243 -244 0
-243 -245 0
-243 -246 0
-243 -247 0
-243 -248 0
-244 -245 0
-244 -246 0
-244 -247 0
-244 -248 0
-245 -246 0
-245 -247 0
-245 -248 0
-246 -247 0
-246 -248 0
-247 -248 0
-249 0
251 252 253 254 255 256 257 258 0
-251 -252 0
-251 -253 0
-251 -254 0
-251 -255 0
-251 -256 0
-251 -257 0
-251 -258 0
-252 -253 0
-252 -254 0
-252 -255 0
-252 -256 0
-252 -257 0
-252 -258 0
-253 -254 0
-253 -255 0
-253 -256 0
-253 -257 0
-253 -258 0
-254 -255 0
-254 -256 0
-254 -257 0
-254 -258 0
-255 -256 0
-255 -257 0
-255 -258 0
-256 -257 0
-256 -258 0
-257 -258 0
-259 0
261 262 263 264 265 266 267 268 0
-261 -262 0
-261 -263 0
-261 -264 0
-261 -265 0
-261 -266 0
-261 -267 0
-261 -268 0
-262 -263 0
-262 -264 0
-262 -265 0
-262 -266 0
-262 -267 0
-262 -268 0
-263 -264 0
-263 -265 0
-263 -266 0
-263 -267 0
-263 -268 0
-264 -265 0
-264 -266 0
-264 -267 0
-264 -268 0
-265 -266 0
-265 -267 0
-265 -268 0
-266 -267 0
-266 -268 0
-267 -268 0
-269 0
471 472 473 474 475 476 477 478 0
-471 -472 0
-471 -473 0
-471 -474 0
-471 -475 0
-471 -476 0
-471 -477 0
-471 -478 0
-472 -473 0
-472 -474 0
-472 -475 0
-472 -476 0
-472 -477 0
-472 -478 0
-473 -474 0
-473 -475 0
-473 -476 0
-473 -477 0
-473 -478 0
-474 -475 0
-474 -476 0
-474 -477 0
-474 -478 0
-475 -476 0
-475 -477 0
-475 -478 0
-476 -477 0
-476 -478 0
-477 -478 0
-479 0
481 482 483 484 485 486 487 488 0
-481 -482 0
-481 -483 0
-481 -484 0
-481 -485 0
-481 -486 0
-481 -487 0
-481 -488 0
-482 -483 0
-482 -484 0
-482 -485 0
-482 -486 0
-482 -487 0
-482 -488 0
-483 -484 0
-483 -485 0
-483 -486 0
-483 -487 0
-483 -488 0
-484 -485 0
-484 -486 0
-484 -487 0
-484 -488 0
-485 -486 0
-485 -487 0
-485 -488 0
-486 -487 0
-486 -488 0
-487 -488 0
-489 0
491 492 493 494 495 496 497 498 0
-491 -492 0
-491 -493 0
-491 -494 0
-491 -495 0
-491 -496 0
-491 -497 0
-491 -498 0
-492 -493 0
-492 -494 0
-492 -495 0
-492 -496 0
-492 -497 0
-492 -498 0
-493 -494 0
-493 -495 0
-493 -496 0
-493 -497 0
-493 -498 0
-494 -495 0
-494 -496 0
-494 -497 0
-494 -498 0
-495 -496 0
-495 -497 0
-495 -498 0
-496 -497 0
-496 -498 0
-497 -498 0
-499 0
501 502 503 504 505 506 507 508 0
-501 -502 0
-501 -503 0
-501 -504 0
-501 -505 0
-501 -506 0
-501 -507 0
-501 -508 0
-502 -503 0
-502 -504 0
-502 -505 0
-502 -506 0
-502 -507 0
-502 -508 0
-503 -504 0
-503 -505 0
-503 -506 0
-503 -507 0
-503 -508 0
-504 -505 0
-504 -506 0
-504 -507 0
-504 -508 0
-505 -506 0
-505 -507 0
-505 -508 0
-506 -507 0
-506 -508 0
-507 -508 0
-509 0
661 662 663 664 665 666 667 668 0
-661 -662 0
-661 -663 0
-661 -664 0
-661 -665 0
-661 -666 0
-661 -667 0
-661 -668 0
-662 -663 0
-662 -664 0
-662 -665 0
-662 -666 0
-662 -667 0
-662 -668 0
-663 -664 0
-663 -665 0
-663 -666 0
-663 -667 0
-663 -668 0
-664 -665 0
-664 -666 0
-664 -667 0
-664 -668 0
-665 -666 0
-665 -667 0
-665 -668 0
-666 -667 0
-666 -668 0
-667 -668 0
-669 0
671 672 673 674 675 676 677 678 0
-671 -672 0
-671 -673 0
-671 -674 0
-671 -675 0
-671 -676 0
-671 -677 0
-671 -678 0
-672 -673 0
-672 -674 0
-672 -675 0
-672 -676 0
-672 -677 0
-672 -678 0
-673 -674 0
-673 -675 0
-673 -676 0
-673 -677 0
-673 -678 0
-674 -675 0
-674 -676 0
-674 -677 0
-674 -678 0
-675 -676 0
-675 -677 0
-675 -678 0
-676 -677 0
-676 -678 0
-677 -678 0
-679 0
681 682 683 684 685 686 687 688 0
-681 -682 0
-681 -683 0
-681 -684 0
-681 -685 0
-681 -686 0
-681 -687 0
-681 -688 0
-682 -683 0
-682 -684 0
-682 -685 0
-682 -686 0
-682 -687 0
-682 -688 0
-683 -684 0
-683 -685 0
-683 -686 0
-683 -687 0
-683 -688 0
-684 -685 0
-684 -686 0
-684 -687 0
-684 -688 0
-685 -686 0
-685 -687 0
-685 -688 0
-686 -687 0
-686 -688 0
-687 -688 0
-689 0
691 692 693 694 695 696 697 698 0
-691 -692 0
-691 -693 0
-691 -694 0
-691 -695 0
-691 -696 0
-691 -697 0
-691 -698 0
-692 -693 0
-692 -694 0
-692 -695 0
-692 -696 0
-692 -697 0
-692 -698 0
-693 -694 0
-693 -695 0
-693 -696 0
-693 -697 0
-693 -698 0
-694 -695 0
-694 -696 0
-694 -697 0
-694 -698 0
-695 -696 0
-695 -697 0
-695 -698 0
-696 -697 0
-696 -698 0
-697 -698 0
-699 0
-13 22 0
-13 31 0
-13 44 0
-15 23 0
-15 34 0
-15 46 0
18 13 18 16 16 15 0
27 22 27 25 24 23 0
36 31 36 34 31 34 0
45 44 41 43 42 46 0
-63 72 0
-63 81 0
-63 94 0
-65 73 0
-65 84 0
-65 96 0
68 63 68 66 66 65 0
77 72 77 75 74 73 0
86 81 86 84 81 84 0
95 94 91 93 92 96 0
-123 132 0
-123 141 0
-123 154 0
-125 133 0
-125 144 0
-125 156 0
128 123 128 126 126 125 0
137 132 137 135 134 133 0
146 141 146 144 141 144 0
155 154 151 153 152 156 0
-233 242 0
-233 251 0
-233 264 0
-235 243 0
-235 254 0
-235 266 0
238 233 238 236 236 235 0
247 242 247 245 244 243 0
256 251 256 254 251 254 0
265 264 261 263 262 266 0
-473 482 0
-473 491 0
-473 504 0
-475 483 0
-475 494 0
-475 506 0
478 473 478 476 476 475 0
487 482 487 485 484 483 0
496 491 496 494 491 494 0
505 504 501 503 502 506 0
-663 672 0
-663 681 0
-663 694 0
-665 673 0
-665 684 0
-665 696 0
668 663 668 666 666 665 0
677 672 677 675 674 673 0
686 681 686 684 681 684 0
695 694 691 693 692 696 0
-18 27 0
-18 36 0
-18 45 41 0
-16 25 24 0
-16 34 31 0
-16 43 42 0
-68 77 0
-68 86 0
-68 95 91 0
-66 75 74 0
-66 84 81 0
-66 93 92 0
-128 137 0
-128 146 0
-128 155 151 0
-126 135 134 0
-126 144 141 0
-126 153 152 0
-238 247 0
-238 256 0
-238 265 261 0
-236 245 244 0
-236 254 251 0
-236 263 262 0
-478 487 0
-478 496 0
-478 505 501 0
-476 485 484 0
-476 494 491 0
-476 503 502 0
-668 677 0
-668 686 0
-668 695 691 0
-666 675 674 0
-666 684 681 0
-666 693 692 0
-18 -27 -36 -45 -68 -77 -86 -95 0
-18 -27 -36 -45 -128 -137 -146 -155 0
-18 -27 -36 -45 -238 -247 -256 -265 0
-18 -27 -36 -45 -478 -487 -496 -505 0
-18 -27 -36 -45 -668 -677 -686 -695 0
-68 -77 -86 -95 -128 -137 -146 -155 0
-68 -77 -86 -95 -238 -247 -256 -265 0
-68 -77 -86 -95 -478 -487 -496 -505 0
-68 -77 -86 -95 -668 -677 -686 -695 0
-128 -137 -146 -155 -238 -247 -256 -265 0
-128 -137 -146 -155 -478 -487 -496 -505 0
-128 -137 -146 -155 -668 -677 -686 -695 0
-238 -247 -256 -265 -478 -487 -496 -505 0
-238 -247 -256 -265 -668 -677 -686 -695 0
-478 -487 -496 -505 -668 -677 -686 -695 0
-13 -22 -31 -44 -63 -72 -81 -94 0
-13 -22 -31 -44 -123 -132 -141 -154 0
-13 -22 -31 -44 -233 -242 -251 -264 0
-13 -22 -31 -44 -473 -482 -491 -504 0
-13 -22 -31 -44 -663 -672 -681 -694 0
-63 -72 -81 -94 -123 -132 -141 -154 0
-63 -72 -81 -94 -233 -242 -251 -264 0
-63 -72 -81 -94 -473 -482 -491 -504 0
-63 -72 -81 -94 -663 -672 -681 -694 0
-123 -132 -141 -154 -233 -242 -251 -264 0
-123 -132 -141 -154 -473 -482 -491 -504 0
-123 -132 -141 -154 -663 -672 -681 -694 0
-233 -242 -251 -264 -473 -482 -491 -504 0
-233 -242 -251 -264 -663 -672 -681 -694 0
-473 -482 -491 -504 -663 -672 -681 -694 0
-18 -27 -36 -41 -68 -77 -86 -91 0
-18 -27 -36 -41 -128 -137 -146 -151 0
-18 -27 -36 -41 -238 -247 -256 -261 0
-18 -27 -36 -41 -478 -487 -496 -501 0
-18 -27 -36 -41 -668 -677 -686 -691 0
-68 -77 -86 -91 -128 -137 -146 -151 0
-68 -77 -86 -91 -238 -247 -256 -261 0
-68 -77 -86 -91 -478 -487 -496 -501 0
-68 -77 -86 -91 -668 -677 -686 -691 0
-128 -137 -146 -151 -238 -247 -256 -261 0
-128 -137 -146 -151 -478 -487 -496 -501 0
-128 -137 -146 -151 -668 -677 -686 -691 0
-238 -247 -256 -261 -478 -487 -496 -501 0
-238 -247 -256 -261 -668 -677 -686 -691 0
-478 -487 -496 -501 -668 -677 -686 -691 0
-16 -25 -34 -43 -66 -75 -84 -93 0
-16 -25 -34 -43 -126 -135 -144 -153 0
-16 -25 -34 -43 -236 -245 -254 -263 0
-16 -25 -34 -43 -476 -485 -494 -503 0
-16 -25 -34 -43 -666 -675 -684 -693 0
-66 -75 -84 -93 -126 -135 -144 -153 0
-66 -75 -84 -93 -236 -245 -254 -263 0
-66 -75 -84 -93 -476 -485 -494 -503 0
-66 -75 -84 -93 -666 -675 -684 -693 0
-126 -135 -144 -153 -236 -245 -254 -263 0
-126 -135 -144 -153 -476 -485 -494 -503 0
-126 -135 -144 -153 -666 -675 -684 -693 0
-236 -245 -254 -263 -476 -485 -494 -503 0
-236 -245 -254 -263 -666 -675 -684 -693 0
-476 -485 -494 -503 -666 -675 -684 -693 0
-16 -24 -31 -42 -66 -74 -81 -92 0
-16 -24 -31 -42 -126 -134 -141 -152 0
-16 -24 -31 -42 -236 -244 -251 -262 0
-16 -24 -31 -42 -476 -484 -491 -502 0
-16 -24 -31 -42 -666 -674 -681 -692 0
-66 -74 -81 -92 -126 -134 -141 -152 0
-66 -74 -81 -92 -236 -244 -251 -262 0
-66 -74 -81 -92 -476 -484 -491 -502 0
-66 -74 -81 -92 -666 -674 -681 -692 0
-126 -134 -141 -152 -236 -244 -251 -262 0
-126 -134 -141 -152 -476 -484 -491 -502 0
-126 -134 -141 -152 -666 -674 -681 -692 0
-236 -244 -251 -262 -476 -484 -491 -502 0
-236 -244 -251 -262 -666 -674 -681 -692 0
-476 -484 -491 -502 -666 -674 -681 -692 0
-15 -23 -34 -46 -65 -73 -84 -96 0
-15 -23 -34 -46 -125 -133 -144 -156 0
-15 -23 -34 -46 -235 -243 -254 -266 0
-15 -23 -34 -46 -475 -483 -494 -506 0
-15 -23 -34 -46 -665 -673 -684 -696 0
-65 -73 -84 -96 -125 -133 -144 -156 0
-65 -73 -84 -96 -235 -243 -254 -266 0
-65 -73 -84 -96 -475 -483 -494 -506 0
-65 -73 -84 -96 -665 -673 -684 -696 0
-125 -133 -144 -156 -235 -243 -254 -266 0
-125 -133 -144 -156 -475 -483 -494 -506 0
-125 -133 -144 -156 -665 -673 -684 -696 0
-235 -243 -254 -266 -475 -483 -494 -506 0
-235 -243 -254 -266 -665 -673 -684 -696 0
-475 -483 -494 -506 -665 -673 -684 -696 0
731 732 733 734 735 736 737 738 739 0
741 742 743 744 745 746 747 748 749 0
751 752 753 754 755 756 757 758 759 0
761 762 763 764 765 766 767 768 769 0
771 772 773 774 775 776 777 778 779 0
11 12 13 14 15 16 17 18 19 0
101 102 103 104 105 106 107 108 109 0
191 192 193 194 195 196 197 198 199 0
281 282 283 284 285 286 287 288 289 0
371 372 373 374 375 376 377 378 379 0
201 202 203 204 205 206 207 208 209 0
291 292 293 294 295 296 297 298 299 0
381 382 383 384 385 386 387 388 389 0
471 472 473 474 475 476 477 478 479 0
561 562 563 564 565 566 567 568 569 0
391 392 393 394 395 396 397 398 399 0
481 482 483 484 485 486 487 488 489 0
571 572 573 574 575 576 577 578 579 0
661 662 663 664 665 666 667 668 669 0
751 752 753 754 755 756 757 758 759 0
731 732 733 734 735 736 738 739 0
-731 -732 0
-731 -733 0
-731 -734 0
-731 -735 0
-731 -736 0
-731 -738 0
-731 -739 0
-732 -733 0
-732 -734 0
-732 -735 0
-732 -736 0
-732 -738 0
-732 -739 0
-733 -734 0
-733 -735 0
-733 -736 0
-733 -738 0
-733 -739 0
-734 -735 0
-734 -736 0
-734 -738 0
-734 -739 0
-735 -736 0
-735 -738 0
-735 -739 0
-736 -738 0
-736 -739 0
-738 -739 0
-737 0
741 742 743 744 745 746 748 749 0
-741 -742 0
-741 -743 0
-741 -744 0
-741 -745 0
-741 -746 0
-741 -748 0
-741 -749 0
-742 -743 0
-742 -744 0
-742 -745 0
-742 -746 0
-742 -748 0
-742 -749 0
-743 -744 0
-743 -745 0
-743 -746 0
-743 -748 0
-743 -749 0
-744 -745 0
-744 -746 0
-744 -748 0
-744 -749 0
-745 -746 0
-745 -748 0
-745 -749 0
-746 -748 0
-746 -749 0
-748 -749 0
-747 0
751 752 753 754 755 756 758 759 0
-751 -752 0
-751 -753 0
-751 -754 0
-751 -755 0
-751 -756 0
-751 -758 0
-751 -759 0
-752 -753 0
-752 -754 0
-752 -755 0
-752 -756 0
-752 -758 0
-752 -759 0
-753 -754 0
-753 -755 0
-753 -756 0
-753 -758 0
-753 -759 0
-754 -755 0
-754 -756 0
-754 -758 0
-754 -759 0
-755 -756 0
-755 -758 0
-755 -759 0
-756 -758 0
-756 -759 0
-758 -759 0
-757 0
761 762 763 764 765 766 768 769 0
-761 -762 0
-761 -763 0
-761 -764 0
-761 -765 0
-761 -766 0
-761 -768 0
-761 -769 0
-762 -763 0
-762 -764 0
-762 -765 0
-762 -766 0
-762 -768 0
-762 -769 0
-763 -764 0
-763 -765 0
-763 -766 0
-763 -768 0
-763 -769 0
-764 -765 0
-764 -766 0
-764 -768 0
-764 -769 0
-765 -766 0
-765 -768 0
-765 -769 0
-766 -768 0
-766 -769 0
-768 -769 0
-767 0
771 772 773 774 775 776 778 779 0
-771 -772 0
-771 -773 0
-771 -774 0
-771 -775 0
-771 -776 0
-771 -778 0
-771 -779 0
-772 -773 0
-772 -774 0
-772 -775 0
-772 -776 0
-772 -778 0
-772 -779 0
-773 -774 0
-773 -775 0
-773 -776 0
-773 -778 0
-773 -779 0
-774 -775 0
-774 -776 0
-774 -778 0
-774 -779 0
-775 -776 0
-775 -778 0
-775 -779 0
-776 -778 0
-776 -779 0
-778 -779 0
-777 0
11 12 13 14 15 16 18 19 0
-11 -12 0
-11 -13 0
-11 -14 0
-11 -15 0
-11 -16 0
-11 -18 0
-11 -19 0
-12 -13 0
-12 -14 0
-12 -15 0
-12 -16 0
-12 -18 0
-12 -19 0
-13 -14 0
-13 -15 0
-13 -16 0
-13 -18 0
-13 -19 0
-14 -15 0
-14 -16 0
-14 -18 0
-14 -19 0
-15 -16 0
-15 -18 0
-15 -19 0
-16 -18 0
-16 -19 0
-18 -19 0
-17 0
101 102 103 104 105 106 108 109 0
-101 -102 0
-101 -103 0
-101 -104 0
-101 -105 0
-101 -106 0
-101 -108 0
-101 -109 0
-102 -103 0
-102 -104 0
-102 -105 0
-102 -106 0
-102 -108 0
-102 -109 0
-103 -104 0
-103 -105 0
-103 -106 0
-103 -108 0
-103 -109 0
-104 -105 0
-104 -106 0
-104 -108 0
-104 -109 0
-105 -106 0
-105 -108 0
-105 -109 0
-106 -108 0
-106 -109 0
-108 -109 0
-107 0
191 192 193 194 195 196 198 199 0
-191 -192 0
-191 -193 0
-191 -194 0
-191 -195 0
-191 -196 0
-191 -198 0
-191 -199 0
-192 -193 0
-192 -194 0
-192 -195 0
-192 -196 0
-192 -198 0
-192 -199 0
-193 -194 0
-193 -195 0
-193 -196 0
-193 -198 0
-193 -199 0
-194 -195 0
-194 -196 0
-194 -198 0
-194 -199 0
-195 -196 0
-195 -198 0
-195 -199 0
-196 -198 0
-196 -199 0
-198 -199 0
-197 0
281 282 283 284 285 286 288 289 0
-281 -282 0
-281 -283 0
-281 -284 0
-281 -285 0
-281 -286 0
-281 -288 0
-281 -289 0
-282 -283 0
-282 -284 0
-282 -285 0
-282 -286 0
-282 -288 0
-282 -289 0
-283 -284 0
-283 -285 0
-283 -286 0
-283 -288 0
-283 -289 0
-284 -285 0
-284 -286 0
-284 -288 0
-284 -289 0
-285 -286 0
-285 -288 0
-285 -289 0
-286 -288 0
-286 -289 0
-288 -289 0
-287 0
371 372 373 374 375 376 378 379 0
-371 -372 0
-371 -373 0
-371 -374 0
-371 -375 0
-371 -376 0
-371 -378 0
-371 -379 0
-372 -373 0
-372 -374 0
-372 -375 0
-372 -376 0
-372 -378 0
-372 -379 0
-373 -374 0
-373 -375 0
-373 -376 0
-373 -378 0
-373 -379 0
-374 -375 0
-374 -376 0
-374 -378 0
-374 -379 0
-375 -376 0
-375 -378 0
-375 -379 0
-376 -378 0
-376 -379 0
-378 -379 0
-377 0
201 202 203 204 205 206 208 209 0
-201 -202 0
-201 -203 0
-201 -204 0
-201 -205 0
-201 -206 0
-201 -208 0
-201 -209 0
-202 -203 0
-202 -204 0
-202 -205 0
-202 -206 0
-202 -208 0
-202 -209 0
-203 -204 0
-203 -205 0
-203 -206 0
-203 -208 0
-203 -209 0
-204 -205 0
-204 -206 0
-204 -208 0
-204 -209 0
-205 -206 0
-205 -208 0
-205 -209 0
-206 -208 0
-206 -209 0
-208 -209 0
-207 0
291 292 293 294 295 296 298 299 0
-291 -292 0
-291 -293 0
-291 -294 0
-291 -295 0
-291 -296 0
-291 -298 0
-291 -299 0
-292 -293 0
-292 -294 0
-292 -295 0
-292 -296 0
-292 -298 0
-292 -299 0
-293 -294 0
-293 -295 0
-293 -296 0
-293 -298 0
-293 -299 0
-294 -295 0
-294 -296 0
-294 -298 0
-294 -299 0
-295 -296 0
-295 -298 0
-295 -299 0
-296 -298 0
-296 -299 0
-298 -299 0
-297 0
381 382 383 384 385 386 388 389 0
-381 -382 0
-381 -383 0
-381 -384 0
-381 -385 0
-381 -386 0
-381 -388 0
-381 -389 0
-382 -383 0
-382 -384 0
-382 -385 0
-382 -386 0
-382 -388 0
-382 -389 0
-383 -384 0
-383 -385 0
-383 -386 0
-383 -388 0
-383 -389 0
-384 -385 0
-384 -386 0
-384 -388 0
-384 -389 0
-385 -386 0
-385 -388 0
-385 -389 0
-386 -388 0
-386 -389 0
-388 -389 0
-387 0
471 472 473 474 475 476 478 479 0
-471 -472 0
-471 -473 0
-471 -474 0
-471 -475 0
-471 -476 0
-471 -478 0
-471 -479 0
-472 -473 0
-472 -474 0
-472 -475 0
-472 -476 0
-472 -478 0
-472 -479 0
-473 -474 0
-473 -475 0
-473 -476 0
-473 -478 0
-473 -479 0
-474 -475 0
-474 -476 0
-474 -478 0
-474 -479 0
-475 -476 0
-475 -478 0
-475 -479 0
-476 -478 0
-476 -479 0
-478 -479 0
-477 0
561 562 563 564 565 566 568 569 0
-561 -562 0
-561 -563 0
-561 -564 0
-561 -565 0
-561 -566 0
-561 -568 0
-561 -569 0
-562 -563 0
-562 -564 0
-562 -565 0
-562 -566 0
-562 -568 0
-562 -569 0
-563 -564 0
-563 -565 0
-563 -566 0
-563 -568 0
-563 -569 0
-564 -565 0
-564 -566 0
-564 -568 0
-564 -569 0
-565 -566 0
-565 -568 0
-565 -569 0
-566 -568 0
-566 -569 0
-568 -569 0
-567 0
391 392 393 394 395 396 398 399 0
-391 -392 0
-391 -393 0
-391 -394 0
-391 -395 0
-391 -396 0
-391 -398 0
-391 -399 0
-392 -393 0
-392 -394 0
-392 -395 0
-392 -396 0
-392 -398 0
-392 -399 0
-393 -394 0
-393 -395 0
-393 -396 0
-393 -398 0
-393 -399 0
-394 -395 0
-394 -396 0
-394 -398 0
-394 -399 0
-395 -396 0
-395 -398 0
-395 -399 0
-396 -398 0
-396 -399 0
-398 -399 0
-397 0
481 482 483 484 485 486 488 489 0
-481 -482 0
-481 -483 0
-481 -484 0
-481 -485 0
-481 -486 0
-481 -488 0
-481 -489 0
-482 -483 0
-482 -484 0
-482 -485 0
-482 -486 0
-482 -488 0
-482 -489 0
-483 -484 0
-483 -485 0
-483 -486 0
-483 -488 0
-483 -489 0
-484 -485 0
-484 -486 0
-484 -488 0
-484 -489 0
-485 -486 0
-485 -488 0
-485 -489 0
-486 -488 0
-486 -489 0
-488 -489 0
-487 0
571 572 573 574 575 576 578 579 0
-571 -572 0
-571 -573 0
-571 -574 0
-571 -575 0
-571 -576 0
-571 -578 0
-571 -579 0
-572 -573 0
-572 -574 0
-572 -575 0
-572 -576 0
-572 -578 0
-572 -579 0
-573 -574 0
-573 -575 0
-573 -576 0
-573 -578 0
-573 -579 0
-574 -575 0
-574 -576 0
-574 -578 0
-574 -579 0
-575 -576 0
-575 -578 0
-575 -579 0
-576 -578 0
-576 -579 0
-578 -579 0
-577 0
661 662 663 664 665 666 668 669 0
-661 -662 0
-661 -663 0
-661 -664 0
-661 -665 0
-661 -666 0
-661 -668 0
-661 -669 0
-662 -663 0
-662 -664 0
-662 -665 0
-662 -666 0
-662 -668 0
-662 -669 0
-663 -664 0
-663 -665 0
-663 -666 0
-663 -668 0
-663 -669 0
-664 -665 0
-664 -666 0
-664 -668 0
-664 -669 0
-665 -666 0
-665 -668 0
-665 -669 0
-666 -668 0
-666 -669 0
-668 -669 0
-667 0
751 752 753 754 755 756 758 759 0
-751 -752 0
-751 -753 0
-751 -754 0
-751 -755 0
-751 -756 0
-751 -758 0
-751 -759 0
-752 -753 0
-752 -754 0
-752 -755 0
-752 -756 0
-752 -758 0
-752 -759 0
-753 -754 0
-753 -755 0
-753 -756 0
-753 -758 0
-753 -759 0
-754 -755 0
-754 -756 0
-754 -758 0
-754 -759 0
-755 -756 0
-755 -758 0
-755 -759 0
-756 -758 0
-756 -759 0
-758 -759 0
-757 0
-732 742 0
-732 752 0
-732 764 0
-732 779 0
-739 743 0
-739 758 0
-739 766 0
-739 771 0
732 738 739 738 0
742 749 743 744 0
752 751 758 754 0
764 764 766 765 0
779 778 771 772 0
-12 102 0
-12 192 0
-12 284 0
-12 379 0
-19 103 0
-19 198 0
-19 286 0
-19 371 0
12 18 19 18 0
102 109 103 104 0
192 191 198 194 0
284 284 286 285 0
379 378 371 372 0
-202 292 0
-202 382 0
-202 474 0
-202 569 0
-209 293 0
-209 388 0
-209 476 0
-209 561 0
202 208 209 208 0
292 299 293 294 0
382 381 388 384 0
474 474 476 475 0
569 568 561 562 0
-392 482 0
-392 572 0
-392 664 0
-392 759 0
-399 483 0
-399 578 0
-399 666 0
-399 751 0
392 398 399 398 0
482 489 483 484 0
572 571 578 574 0
664 664 666 665 0
759 758 751 752 0
-738 749 744 0
-738 751 754 0
-738 764 765 0
-738 778 772 0
-18 109 104 0
-18 191 194 0
-18 284 285 0
-18 378 372 0
-208 299 294 0
-208 381 384 0
-208 474 475 0
-208 568 562 0
-398 489 484 0
-398 571 574 0
-398 664 665 0
-398 758 752 0
-732 -742 -752 -764 -779 -12 -102 -192 -284 -379 0
-732 -742 -752 -764 -779 -202 -292 -382 -474 -569 0
-732 -742 -752 -764 -779 -392 -482 -572 -664 -759 0
-12 -102 -192 -284 -379 -202 -292 -382 -474 -569 0
-12 -102 -192 -284 -379 -392 -482 -572 -664 -759 0
-202 -292 -382 -474 -569 -392 -482 -572 -664 -759 0
-738 -749 -751 -764 -778 -18 -109 -191 -284 -378 0
-738 -749 -751 -764 -778 -208 -299 -381 -474 -568 0
-738 -749 -751 -764 -778 -398 -489 -571 -664 -758 0
-18 -109 -191 -284 -378 -208 -299 -381 -474 -568 0
-18 -109 -191 -284 -378 -398 -489 -571 -664 -758 0
-208 -299 -381 -474 -568 -398 -489 -571 -664 -758 0
-739 -743 -758 -766 -771 -19 -103 -198 -286 -371 0
-739 -743 -758 -766 -771 -209 -293 -388 -476 -561 0
-739 -743 -758 -766 -771 -399 -483 -578 -666 -751 0
-19 -103 -198 -286 -371 -209 -293 -388 -476 -561 0
-19 -103 -198 -286 -371 -399 -483 -578 -666 -751 0
-209 -293 -388 -476 -561 -399 -483 -578 -666 -751 0
-738 -744 -754 -765 -772 -18 -104 -194 -285 -372 0
-738 -744 -754 -765 -772 -208 -294 -384 -475 -562 0
-738 -744 -754 -765 -772 -398 -484 -574 -665 -752 0
-18 -104 -194 -285 -372 -208 -294 -384 -475 -562 0
-18 -104 -194 -285 -372 -398 -484 -574 -665 -752 0
-208 -294 -384 -475 -562 -398 -484 -574 -665 -752 0
81 82 83 84 85 86 87 88 89 0
171 172 173 174 175 176 177 178 179 0
261 262 263 264 265 266 267 268 269 0
351 352 353 354 355 356 357 358 359 0
441 442 443 444 445 446 447 448 449 0
531 532 533 534 535 536 537 538 539 0
361 362 363 364 365 366 367 368 369 0
451 452 453 454 455 456 457 458 459 0
541 542 543 544 545 546 547 548 549 0
631 632 633 634 635 636 637 638 639 0
721 722 723 724 725 726 727 728 729 0
811 812 813 814 815 816 817 818 819 0
81 83 87 88 89 0
-81 -83 0
-81 -87 0
-81 -88 0
-81 -89 0
-83 -87 0
-83 -88 0
-83 -89 0
-87 -88 0
-87 -89 0
-88 -89 0
-82 0
-84 0
-85 0
-86 0
171 173 177 178 179 0
-171 -173 0
-171 -177 0
-171 -178 0
-171 -179 0
-173 -177 0
-173 -178 0
-173 -179 0
-177 -178 0
-177 -179 0
-178 -179 0
-172 0
-174 0
-175 0
-176 0
261 263 267 268 269 0
-261 -263 0
-261 -267 0
-261 -268 0
-261 -269 0
-263 -267 0
-263 -268 0
-263 -269 0
-267 -268 0
-267 -269 0
-268 -269 0
-262 0
-264 0
-265 0
-266 0
351 353 357 358 359 0
-351 -353 0
-351 -357 0
-351 -358 0
-351 -359 0
-353 -357 0
-353 -358 0
-353 -359 0
-357 -358 0
-357 -359 0
-358 -359 0
-352 0
-354 0
-355 0
-356 0
441 443 447 448 449 0
-441 -443 0
-441 -447 0
-441 -448 0
-441 -449 0
-443 -447 0
-443 -448 0
-443 -449 0
-447 -448 0
-447 -449 0
-448 -449 0
-442 0
-444 0
-445 0
-446 0
531 533 537 538 539 0
-531 -533 0
-531 -537 0
-531 -538 0
-531 -539 0
-533 -537 0
-533 -538 0
-533 -539 0
-537 -538 0
-537 -539 0
-538 -539 0
-532 0
-534 0
-535 0
-536 0
361 363 367 368 369 0
-361 -363 0
-361 -367 0
-361 -368 0
-361 -369 0
-363 -367 0
-363 -368 0
-363 -369 0
-367 -368 0
-367 -369 0
-368 -369 0
-362 0
-364 0
-365 0
-366 0
451 453 457 458 459 0
-451 -453 0
-451 -457 0
-451 -458 0
-451 -459 0
-453 -457 0
-453 -458 0
-453 -459 0
-457 -458 0
-457 -459 0
-458 -459 0
-452 0
-454 0
-455 0
-456 0
541 543 547 548 549 0
-541 -543 0
-541 -547 0
-541 -548 0
-541 -549 0
-543 -547 0
-543 -548 0
-543 -549 0
-547 -548 0
-547 -549 0
-548 -549 0
-542 0
-544 0
-545 0
-546 0
631 633 637 638 639 0
-631 -633 0
-631 -637 0
-631 -638 0
-631 -639 0
-633 -637 0
-633 -638 0
-633 -639 0
-637 -638 0
-637 -639 0
-638 -639 0
-632 0
-634 0
-635 0
-636 0
721 723 727 728 729 0
-721 -723 0
-721 -727 0
-721 -728 0
-721 -729 0
-723 -727 0
-723 -728 0
-723 -729 0
-727 -728 0
-727 -729 0
-728 -729 0
-722 0
-724 0
-725 0
-726 0
811 813 817 818 819 0
-811 -813 0
-811 -817 0
-811 -818 0
-811 -819 0
-813 -817 0
-813 -818 0
-813 -819 0
-817 -818 0
-817 -819 0
-818 -819 0
-812 0
-814 0
-815 0
-816 0
-81 173 0
-81 263 0
-81 353 0
-81 448 0
-81 537 0
-83 179 0
-83 269 0
-83 358 0
-83 449 0
-83 531 0
81 83 0
173 179 0
263 269 0
353 358 0
448 449 0
537 531 0
-361 453 0
-361 543 0
-361 633 0
-361 728 0
-361 817 0
-363 459 0
-363 549 0
-363 638 0
-363 729 0
-363 811 0
361 363 0
453 459 0
543 549 0
633 638 0
728 729 0
817 811 0
-81 -173 -263 -353 -448 -537 -361 -453 -543 -633 -728 -817 0
-83 -179 -269 -358 -449 -531 -363 -459 -549 -638 -729 -811 0
141 142 143 144 145 146 147 148 149 0
231 232 233 234 235 236 237 238 239 0
321 322 323 324 325 326 327 328 329 0
411 412 413 414 415 416 417 418 419 0
501 502 503 504 505 506 507 508 509 0
591 592 593 594 595 596 597 598 599 0
681 682 683 684 685 686 687 688 689 0
771 772 773 774 775 776 777 778 779 0
142 144 145 146 149 0
-142 -144 0
-142 -145 0
-142 -146 0
-142 -149 0
-144 -145 0
-144 -146 0
-144 -149 0
-145 -146 0
-145 -149 0
-146 -149 0
-141 0
-143 0
-147 0
-148 0
232 234 235 236 239 0
-232 -234 0
-232 -235 0
-232 -236 0
-232 -239 0
-234 -235 0
-234 -236 0
-234 -239 0
-235 -236 0
-235 -239 0
-236 -239 0
-231 0
-233 0
-237 0
-238 0
322 324 325 326 329 0
-322 -324 0
-322 -325 0
-322 -326 0
-322 -329 0
-324 -325 0
-324 -326 0
-324 -329 0
-325 -326 0
-325 -329 0
-326 -329 0
-321 0
-323 0
-327 0
-328 0
412 414 415 416 419 0
-412 -414 0
-412 -415 0
-412 -416 0
-412 -419 0
-414 -415 0
-414 -416 0
-414 -419 0
-415 -416 0
-415 -419 0
-416 -419 0
-411 0
-413 0
-417 0
-418 0
502 504 505 506 509 0
-502 -504 0
-502 -505 0
-502 -506 0
-502 -509 0
-504 -505 0
-504 -506 0
-504 -509 0
-505 -506 0
-505 -509 0
-506 -509 0
-501 0
-503 0
-507 0
-508 0
592 594 595 596 599 0
-592 -594 0
-592 -595 0
-592 -596 0
-592 -599 0
-594 -595 0
-594 -596 0
-594 -599 0
-595 -596 0
-595 -599 0
-596 -599 0
-591 0
-593 0
-597 0
-598 0
682 684 685 686 689 0
-682 -684 0
-682 -685 0
-682 -686 0
-682 -689 0
-684 -685 0
-684 -686 0
-684 -689 0
-685 -686 0
-685 -689 0
-686 -689 0
-681 0
-683 0
-687 0
-688 0
772 774 775 776 779 0
-772 -774 0
-772 -775 0
-772 -776 0
-772 -779 0
-774 -775 0
-774 -776 0
-774 -779 0
-775 -776 0
-775 -779 0
-776 -779 0
-771 0
-773 0
-777 0
-778 0
-146 236 0
-146 329 0
-146 414 0
-146 502 0
-146 595 0
-146 684 0
-146 779 0
146 0
236 0
329 0
414 0
502 0
595 0
684 0
779 0
